2209 1662
3715 3999
2736 3147
1918 3138
3662 2424
2372 2612
278 4515
451 425
2653 1616
3614 3179
1025 3947
4008 3646
4652 3322
4707 4183
3336 1997
1614 1634
3964 4611
2254 4830
2461 3050
2523 2015
248 1515
3923 2808
4323 2847
1420 459
3091 3290
4931 447
3080 1771
1722 2341
3485 4388
2861 4791
508 3381
229 412
2623 3047
3694 4460
2968 2575
411 2357
4249 3306
2714 936
3648 4911
2449 451
1050 4166
3439 756
4337 2995
1832 3486
4280 1262
1664 1443
1819 4746
4833 1543
3163 904
3592 636
3455 1607
3977 943
3742 4738
2803 15
3537 303
4245 1725
750 4383
2576 1580
4806 4591
695 1039
1064 1874
2616 1153
1375 2497
4374 1653
3894 3952
4144 2634
2316 2613
1721 1290
3291 1040
2042 3472
3754 4386
909 1748
3394 147
536 2621
4605 1204
1233 2977
3314 3093
881 1548
2997 2253
249 2618
988 1028
4713 3283
1213 1622
704 4914
3459 126
1669 3937
1919 1380
1492 2629
298 1973
3868 1314
1952 1901
2477 3835
4961 1324
2022 2544
4786 4314
4781 436
2136 4008
1112 521
1796 581
1672 2531
2474 2625
1174 3846
4596 3537
446 2516
4291 1784
191 4887
1917 15
1956 3071
1058 4641
749 2097
1776 3701
1798 2093
3319 3768
993 66
2999 2110
1896 536
1053 2333
3266 2673
2917 2975
3247 1980
137 4610
367 1448
687 2381
1444 178
1216 329
376 843
1749 1721
3704 378
1452 3952
416 313
3153 2526
2089 3645
2744 4182
461 2615
2270 127
1315 1547
271 3053
3030 4506
2065 2891
1216 1320
3536 4896
1060 2987
3307 1579
2408 3294
276 4371
1401 4698
781 2664
1049 1184
2710 3048
3651 1021
2339 3103
1703 1370
4817 958
1689 2871
2073 166
2524 940
3013 3673
2804 2020
4816 4694
4985 1286
1051 4919
3487 2241
1297 4680
4250 4403
1219 479
4063 1270
2688 3938
542 1247
436 3089
3244 1701
4954 1705
1301 35
2196 4122
1422 4986
4255 2414
2255 4070
2028 1943
3039 4194
4536 2187
819 3394
1925 1446
2735 2166
2753 3581
4501 886
4804 1706
3250 1623
2696 4457
3845 616
1321 2902
1436 4689
3043 4256
4927 3513
971 4062
1965 1985
3606 3533
3797 3683
2549 779
133 3073
82 3371
3294 2395
3164 917
2609 4129
1494 1865
3082 1840
2583 704
2883 4629
914 1663
3876 180
4029 577
2957 3155
1998 1248
2974 4168
2258 4616
3702 4859
3927 656
1559 4793
4977 4814
2219 2631
2546 2333
4760 159
3890 4910
1942 3642
1919 2760
4346 4570
77 669
371 2643
4590 4107
601 3525
4005 1547
4741 1584
2901 369
1244 3037
1822 1089
4189 4373
1135 2818
1794 4657
1215 2834
1283 973
4189 4918
2245 137
1824 1412
4514 2069
2441 343
3186 3240
589 654
2264 2461
1350 4513
3895 4067
4864 1137
3307 2600
177 3836
2612 593
2722 4561
1532 2936
1906 1022
4514 2067
4554 2251
2927 1661
3779 3618
3606 571
4603 1414
241 1037
79 3429
3062 1014
458 236
4528 2282
4228 2709
2362 3540
1086 3127
2054 2721
2649 435
1308 1772
1350 454
3718 2879
952 423
512 2210
342 1447
1421 3708
4436 2264
516 3491
4377 1908
3433 2865
652 2011
4344 781
4887 232
965 3539
4790 425
4551 385
3129 1137
1299 2335
2748 2115
356 4227
136 2061
1831 2622
522 167
957 1038
1881 4126
530 3752
3141 3410
1603 1137
1715 3488
1341 450
4325 1349
2231 254
2854 3400
1065 58
387 4337
2246 2288
1565 3004
1725 3983
2283 4149
4470 1834
3701 2535
2991 867
4691 4413
94 2868
875 11
1129 4594
4042 2826
1081 1799
2394 1438
941 2162
233 2422
827 3989
4650 4064
4633 2507
4437 2150
1642 3092
1521 1857
3476 2718
2394 3352
1198 946
1469 605
734 1504
4833 436
2576 3775
3432 4881
1051 701
178 533
1990 4295
1794 1820
3272 2095
4106 2943
4677 4007
4370 2849
3148 3070
1686 376
3917 1462
477 1769
4176 1950
2045 3944
153 4435
1148 1523
3367 4270
3690 1250
1075 2138
4474 4598
726 485
1399 1179
100 4985
3156 2971
428 3525
4299 3976
3593 2292
798 3173
3459 4450
3164 4561
558 1503
2772 3218
3541 3369
4701 4970
3623 4186
2142 1217
1847 1483
3705 2926
1633 2123
1930 843
824 2313
2021 284
4613 2658
3773 779
4218 839
3641 3332
1013 2102
250 1048
4728 3539
1231 560
4837 1122
2057 4704
2510 1164
3515 1349
3322 3924
128 1181
4668 2445
920 3441
4510 4882
4078 1793
3635 2153
2169 3148
97 685
1570 2842
1045 414
669 297
1193 3927
1336 2640
976 2468
784 4228
1475 3126
3835 4332
4172 1613
2321 3731
167 1400
731 4721
3400 1636
1526 942
263 4079
1481 2957
2736 4856
3249 4016
2111 2133
2222 574
4809 2551
2598 269
1310 4542
2895 2366
2035 4165
2890 3956
3780 3434
611 4496
638 1700
4277 4861
2314 1425
42 1819
3677 4995
4616 3642
3772 3839
4447 1124
2605 1634
2239 2263
2969 4375
3935 2869
2078 1577
128 1010
1209 3274
4424 2714
2656 4366
4858 677
1510 4879
2874 2744
2887 117
1990 1649
1235 3778
3241 3991
4112 3663
2865 4427
4927 3647
1536 2007
4129 4190
4135 3257
211 813
1006 2523
4244 2949
4753 603
1991 4668
4109 4738
547 3881
4824 3964
2168 1657
1589 2467
2733 4956
2063 4847
2181 3103
1253 3934
4176 494
852 2292
4581 38
3802 4855
3668 3580
950 674
1881 1806
4406 932
3558 1956
8 1252
232 2609
2746 4092
1553 1284
4940 4399
3726 4126
3363 4471
2830 4447
3337 2815
1011 3546
1352 4434
3109 681
4246 4319
3601 150
2897 1530
193 4936
2923 4375
4254 3046
2929 517
4856 2251
4990 221
1158 1118
1293 3022
4464 3164
747 4047
913 4597
3331 776
4147 2800
291 3141
267 1539
1491 3743
3235 267
4390 1217
4766 3084
4145 572
3166 4397
4424 4336
1977 1116
1312 919
2082 1161
2367 4791
772 1370
1415 2893
2681 2275
618 112
945 4855
2696 417
558 4447
1699 1853
4852 3430
4211 2124
4726 1183
4990 985
4011 547
4887 310
4496 4163
3799 1396
1775 118
4345 1004
2557 4455
463 2405
2001 871
3859 2810
15 3706
4608 1047
1725 320
2598 384
3205 883
20 4942
3729 4488
3375 2711
3421 1748
2273 4361
2718 2276
2405 2770
1321 3033
2919 687
4998 3734
3577 2608
4482 4143
3519 4492
1540 736
3188 1646
79 2591
4789 4891
134 903
4844 4862
175 4850
3287 2306
2318 3714
2862 1940
634 1156
1644 3875
2580 1465
2221 4437
2139 2098
462 79
3181 3368
2313 4120
816 4310
2575 4250
255 4139
1464 191
2696 4103
1247 4308
2626 1586
4825 700
3275 4732
4092 3180
376 804
4227 726
566 2640
4959 4804
4468 4053
2370 2731
460 916
373 3306
2103 2057
2154 285
3117 4809
619 2170
2950 88
1001 3503
3578 3269
4641 670
524 1474
4913 1663
1070 163
1752 2112
3966 3306
4347 3715
3830 3805
443 660
1930 653
3076 4270
3770 4915
4729 4713
2838 2465
2523 3649
4329 2371
2713 3478
415 3984
4048 3028
888 1985
3411 279
4934 1844
3639 4652
123 1757
1797 590
1660 4482
1227 3596
2922 3386
4540 4828
3271 3801
1082 934
4397 3898
1326 759
2914 362
4503 3057
2912 2285
750 11
697 1983
722 4178
367 4841
343 4596
4265 3765
3866 2980
714 4296
1959 3423
4900 1828
75 706
658 895
3342 3878
3699 1259
2512 3657
1937 931
2180 2962
3913 134
1465 4961
3742 1827
3565 2625
1614 4050
1157 3106
4414 1187
4488 1263
1105 1629
3466 4801
3220 4236
4091 6
2781 1400
2199 3362
2497 3471
2753 3104
2932 182
4056 1765
4995 3761
4140 2017
262 3500
1953 2586
3338 3213
4794 271
1619 1729
545 3071
3190 1879
2915 2876
1372 4101
4433 2335
506 4653
2968 4552
29 3899
2050 3185
4780 3870
510 4361
2830 4096
898 3168
1330 4260
1225 1508
965 707
175 439
4277 1587
808 1538
3764 2373
2633 59
145 1353
3615 366
4969 1296
4852 3067
2971 4446
3696 3308
4208 3162
2323 1368
1201 4131
544 3017
4763 3033
510 1719
4101 1668
1032 4111
490 4509
4804 491
4554 3496
1449 3743
4099 3018
665 2477
725 605
3638 1526
2002 3397
57 1182
2140 2014
4717 2458
1257 3124
2266 1137
282 2079
2054 1564
3385 2193
2390 4484
2168 2213
1186 590
2471 4965
2006 2181
2813 1424
3660 1852
4912 2294
2135 798
2727 3786
3563 1092
4892 2691
2880 4626
2591 4886
878 2167
454 1204
3186 80
2817 2220
1574 1792
2977 2252
318 2429
584 4713
2302 1761
2236 3705
2370 516
566 4161
646 659
927 1832
3924 4935
3529 2807
1411 3676
3171 4779
1076 3324
3103 209
72 3744
2846 2572
2870 266
1019 2950
849 2858
1732 1497
2765 2907
1580 649
2202 4313
1694 584
3753 1794
4557 749
2275 1046
2646 786
1177 3292
2903 568
2966 3450
2281 4017
921 784
4648 3658
2815 1386
4531 3603
4549 281
2815 2628
2003 3292
3894 2062
300 448
1564 3132
2353 2433
1458 1148
1269 2100
1148 2525
3139 3371
3702 2710
2876 2779
923 945
4669 4702
173 4915
4646 3288
713 2768
3037 2504
233 4567
4224 1053
4245 2456
4433 1250
2876 1566
4171 3727
428 2045
171 2998
3001 720
3835 1599
154 1495
1088 3360
4239 2868
1170 2245
734 4920
3236 3736
3053 1767
1137 2789
1050 1349
4423 1788
1287 1467
56 2947
4113 1778
4858 3016
991 1203
945 3968
2479 4952
3866 4575
2852 1875
3016 2172
564 1113
188 3736
406 898
4189 3971
1697 3975
4879 3323
2303 3440
4703 2403
4472 2250
2404 4300
4163 586
1506 2018
175 521
3481 3989
3432 1795
3994 673
1413 2853
3673 3429
3302 3507
4493 3509
1612 3755
2349 3604
1784 2081
1213 4922
2085 4744
4222 4502
1993 3394
1467 4576
4294 252
3767 3414
3264 4849
3644 4128
1287 3290
3127 4426
4475 3398
4096 3078
1631 3556
381 1763
3999 1250
1437 4390
707 3536
978 4067
3558 3703
2080 904
1520 2607
4914 942
126 1033
4083 4301
268 1386
4970 603
3713 769
1775 105
1528 3142
2291 203
1535 4926
2220 4145
200 3479
325 238
693 4644
188 4516
2936 941
260 2962
4520 2919
2163 148
2360 4659
2822 4397
2946 4358
977 4588
953 4093
3651 4432
4348 4178
4877 2592
2326 1519
1691 2388
4522 4670
4379 3794
4083 4970
187 3550
2474 2198
1191 577
3409 2296
1640 2628
3324 1682
2344 1433
3399 3741
889 4702
2730 2729
965 4447
4490 4926
2104 2912
4473 792
2474 2396
1797 4867
217 228
4942 3315
3500 927
2049 229
4610 1098
274 2280
3912 1509
278 4410
2849 4650
4542 937
343 2026
4583 3854
2320 2814
3903 4527
2581 4167
4226 1034
1620 3586
4274 1417
3517 4996
3909 4423
4505 2909
3256 1749
374 3628
722 193
2927 4040
4475 4715
528 285
1475 2917
4392 27
4431 2239
1967 3663
4926 293
943 20
1729 4005
3447 778
1545 4352
4681 4601
267 2845
941 3602
1502 508
3351 2026
1637 990
2396 3252
1608 3982
482 1066
2013 1172
4373 3056
3652 3022
845 2389
176 1771
2157 3110
4105 4166
3055 65
3918 1555
2634 459
2671 2017
4909 4246
4705 3220
414 155
835 4198
827 424
4838 3121
2026 4662
9 3603
2420 4337
2970 303
4916 3677
2192 1332
1669 937
2269 2948
4057 139
3857 963
3542 832
1746 210
2338 2942
472 375
2000 1944
4308 3923
3803 3493
4609 3703
3679 1581
3419 2180
2687 3857
163 4318
184 702
292 4156
821 1070
3856 4406
3604 827
4372 2163
3565 792
4531 2655
795 230
685 3565
2147 2600
4032 86
2234 916
3135 1438
4979 759
510 2352
2661 3923
2440 4022
4290 2503
2360 1351
1644 3603
1155 684
4875 4135
3471 1696
1946 4855
1685 4948
1263 461
4649 1749
1032 2547
3266 1795
4547 2979
2029 974
1910 1357
1380 423
2918 804
3628 464
2387 3973
780 1305
1719 653
2241 2168
1455 3375
2623 1508
4346 4134
4841 4278
47 261
2321 1293
2004 1841
4540 2909
257 1671
4 1010
1770 3775
1225 1879
4691 932
4994 4141
4734 927
373 2338
2536 2960
870 1065
2217 1
3244 1655
4258 3446
2815 3825
1337 1828
2518 1895
4344 4453
549 4205
2892 2126
2659 1934
4313 2117
353 2485
2483 2290
423 4962
3799 3544
4561 2310
48 2160
3222 4459
4349 1955
4513 1794
4519 4738
2448 2914
817 2532
1170 3866
2096 451
1310 1875
2994 411
582 877
3795 4608
1170 4405
2882 1467
2897 3335
2250 3688
1075 3630
4644 1455
954 397
138 3022
2326 241
4286 2471
855 1789
641 1859
21 1913
2992 2211
148 3001
1385 2118
2812 3981
4619 4636
308 2394
3291 4869
1286 3876
3755 3519
406 62
2469 907
3940 3248
637 1547
4089 235
4164 2906
349 1005
4713 1487
215 4468
4538 4760
4207 1016
472 4951
725 4345
2080 4971
228 337
3822 1606
3753 912
3220 3358
2301 1515
4913 3027
2626 2408
3916 1100
4699 3345
719 3214
4331 426
1313 2450
3063 3473
1684 3185
1240 2449
389 718
4481 714
169 1249
4383 3096
1956 1052
1094 4446
2373 1451
3656 4600
4718 829
2760 2874
672 1233
3101 3465
2107 3039
3050 1467
1802 3829
482 3677
4029 2770
2201 1313
4144 1258
3789 1434
4601 4007
3387 4662
2655 2160
1550 1006
2926 3873
1787 1261
4286 494
1984 115
4091 4845
4379 2781
2528 4287
1646 2890
3069 4307
1399 196
1375 4544
4574 393
4678 2180
2952 2374
746 2709
2353 1023
4350 1323
1166 3077
751 1025
3208 228
2822 4342
501 4064
273 2148
4968 2012
2912 45
3977 2478
4970 4004
119 4458
872 2951
2609 1242
2009 2999
4028 3271
1253 217
4478 4862
3998 4789
1754 1842
2152 4376
1261 3753
1457 3560
3501 2534
1306 2227
2609 27
2374 332
2058 1401
4082 3684
1417 4678
378 2289
1459 2225
229 221
319 2732
4710 2246
4377 2558
772 2405
2286 805
2699 3997
1311 4373
1625 4755
4203 2375
2165 3132
2125 4185
2281 3887
245 3758
1536 4519
1546 1042
930 3965
4789 2523
2781 185
4721 1831
2470 4394
3134 4063
4213 3530
2412 4533
1126 4415
2693 4319
3980 4759
2340 3071
1088 1627
4833 2750
3735 1870
478 3749
273 3491
1804 1184
2982 3033
4046 295
2203 3204
2487 1634
2682 8
4408 3753
1568 2012
3801 4325
1207 3833
913 1759
1740 3606
3993 2194
899 682
1506 2407
2478 1708
3719 294
549 850
4933 1227
2231 1269
4406 493
4102 533
981 2278
4129 4118
3205 2207
3154 3895
26 2380
1664 3946
3952 4599
4840 3853
2066 3508
3652 2133
2483 832
797 2153
4249 127
3533 4674
4871 9
293 589
2753 1592
4109 1329
2610 24
2162 2956
1738 2771
2321 3125
2964 4984
2338 2365
2067 1231
1800 1456
3804 892
3780 3545
4502 4942
4177 1383
726 4083
4835 2114
3327 4458
4409 2833
1527 4956
721 1844
3885 4759
2074 3321
983 4041
3629 3278
4096 3590
3133 2169
4677 2061
3917 3927
400 4013
2968 4639
3382 3024
3620 3715
596 1873
1072 4370
1415 1223
4077 740
464 2974
3904 3372
4614 1958
3589 1035
3445 2186
4751 310
1100 2272
3596 4822
2852 4656
4102 4048
3165 2130
4828 3857
4051 4136
2207 744
3357 4101
4464 40
1998 3850
4631 4736
1844 4987
1494 3768
2350 810
1868 962
2787 1375
4581 2987
469 2170
342 2357
3005 4751
3927 3634
4648 3021
4786 3487
1230 2859
15 4282
2283 2199
738 306
4623 2141
4420 3850
4992 1696
4917 769
3615 3848
2036 361
1752 432
725 3977
3594 4618
4577 906
4863 4282
356 4426
4742 3620
4487 1760
932 4994
2061 4638
3929 2870
571 3980
3062 3457
809 374
4884 2613
1357 2372
4647 4669
4206 3266
1130 4543
4430 2371
4820 1931
2689 1703
801 203
578 1910
939 2711
2613 2432
111 284
4487 3746
612 2904
2297 2111
653 1476
4788 753
3680 2302
3654 1018
159 4395
1426 2028
908 1781
694 3576
3682 1654
2318 2311
830 4114
2790 3971
4236 754
2996 905
2838 18
4612 4910
4680 968
2325 651
4046 1247
4841 4654
3486 3544
4577 3366
58 2692
1911 2259
3654 577
2925 1711
217 1838
4251 3277
3766 3780
3990 4485
4017 331
204 2576
2943 4566
1052 4550
3686 3708
3201 4450
11 2724
4712 255
2867 3036
4511 2426
4401 3566
1205 1715
3302 4248
2537 105
3015 4878
1482 2608
3968 4638
3989 2114
1830 4264
4989 1303
1787 3784
4525 3050
4090 1169
2945 1155
490 4328
699 1234
2423 2858
3009 2734
3507 3907
2355 602
2404 1964
2002 4849
3672 3424
1180 1638
3395 1931
796 1690
4985 3144
4351 2250
4719 2229
465 4716
3211 1149
4966 999
1716 1018
692 2661
91 4084
4661 2094
1961 3003
931 4297
3875 3485
3436 4825
4377 2852
2101 3018
1220 2527
1427 3598
2997 3443
101 2777
4546 3510
1172 1213
4483 2785
4124 3451
1307 4703
61 3943
626 261
706 2814
4871 3040
2074 4943
2299 2622
4685 251
881 4834
3806 3562
769 3736
3383 1619
3371 2400
2059 4168
4833 4962
3740 3132
86 2679
4940 2138
1442 424
305 1939
4951 270
3650 2995
2630 2717
1638 4545
2898 397
3588 4274
3079 1302
620 1040
3883 1423
2580 3028
1746 635
2320 4373
3960 3466
3929 235
1734 1719
141 4685
160 1411
4079 1115
2070 4413
2621 1705
3950 1668
2544 4785
858 2387
649 740
2229 3911
2694 3508
4897 2904
2179 769
2517 1569
3198 910
522 1494
4707 2455
4484 4850
542 3586
2086 3546
3502 471
4622 3202
2742 1549
1896 3457
1832 2346
2326 4243
1819 302
3124 651
4067 2397
1793 1339
2919 3055
4978 3514
1973 678
3233 2616
2330 2171
3859 2401
94 1670
2080 2819
219 4816
1219 2790
4375 2286
104 4640
303 348
4261 1946
251 1380
3497 3610
2737 2594
3306 3405
3665 3213
4963 1921
3127 4204
490 3660
3623 1538
4823 3597
1483 615
2056 173
4952 4477
4369 3585
4327 4372
2089 2303
2959 1186
2520 2083
3687 603
1941 2069
113 4936
1588 2208
2770 1199
484 1617
3543 2511
2183 1626
4009 1071
2026 4538
361 618
2716 3115
3086 800
2612 3696
939 1068
4283 4209
4614 3389
1192 2644
3155 396
1234 1034
1255 3065
2160 1259
3832 354
3493 831
794 986
855 658
2948 305
4190 4754
3729 653
4074 3424
2443 45
2661 1401
1258 4470
1015 2736
905 1588
1840 3970
2225 3247
2561 4206
1639 4575
763 439
4433 1549
609 3767
3303 2935
4706 1073
3980 2520
4958 4675
387 4682
4098 103
4838 1616
1990 4252
2057 2213
4931 230
2893 3515
2698 2526
3601 3545
4152 3695
1203 2596
3813 959
4316 3352
3676 365
90 4035
2205 2358
2991 590
2710 2182
1142 801
2912 389
982 2938
2309 2719
3846 1178
1904 4808
720 76
1341 4507
2371 4570
1383 93
4673 4414
3120 3010
3551 1970
2283 1155
4299 4357
4813 3355
1815 2507
1698 4693
4243 1255
4804 1116
2457 2160
3375 1998
4170 4813
4840 2222
4030 3765
1547 884
3305 4663
4611 828
3545 3419
2068 4672
3419 276
3092 2946
2373 883
1552 3217
1566 3697
4756 4775
3602 3384
4490 3614
4242 4799
2660 3525
4824 776
3180 3107
4215 71
4648 830
849 4769
4467 1391
939 2494
3302 4254
4435 3373
1798 4694
914 475
4327 2437
4388 4272
2663 4251
627 4734
4613 1924
3419 3182
3367 1427
3625 609
291 732
733 3000
2373 1726
3527 896
208 3556
4558 1837
3568 1911
3562 4650
2435 698
3899 1467
4736 4929
1795 3407
1583 174
1582 3741
1952 2489
4242 4833
1744 4684
2177 3011
4654 3232
4355 3477
1996 2952
3225 4687
4209 3000
4916 1017
2499 1569
4652 1044
4618 4332
1509 645
1359 3664
2115 2799
2739 2154
2798 2524
3716 1160
3496 920
602 4210
3595 3802
4744 2253
4089 2679
4254 1629
2331 2765
828 3935
2306 2473
3928 288
3628 669
3664 2549
2278 689
3444 4569
4305 877
338 1204
1063 1089
3053 878
3796 3474
1304 3368
1073 313
2699 218
1795 16
4624 3967
2090 1404
2360 330
1350 1498
4175 1611
2612 4880
4998 4105
1334 1329
1439 4654
4833 2371
1442 3882
4792 3465
1718 4133
1670 3184
3900 4892
136 329
1701 1326
240 2050
924 3308
542 1705
438 3988
3937 342
1902 1017
3667 2763
1021 4000
1563 1602
2182 3368
924 3980
2400 2471
2155 4058
3724 3862
1750 4721
1703 1488
799 559
41 1036
4816 4036
3947 3452
1112 4016
3280 3066
2963 4407
1690 1238
2128 4139
3845 4342
4956 1414
1553 411
2645 425
25 4843
3025 534
664 1281
4324 2567
4571 3277
2935 3274
3297 2857
4030 3154
2280 3585
98 3354
4393 2765
4645 3000
739 463
1597 3443
2821 4244
3127 2547
1013 369
4397 2652
4918 2308
4650 2694
3558 2227
2017 2716
3909 3412
1846 3167
2529 635
2932 1639
4239 3329
1286 1813
3460 1895
2721 2432
2889 1023
4462 1218
4717 3611
2934 2494
1572 1101
1085 4032
4877 474
3473 849
4370 556
2964 2877
232 1514
3629 2131
966 2366
486 960
2427 4307
4902 4392
2432 3496
2934 483
2820 1566
1608 248
3206 2826
2443 4169
3933 2911
3931 818
156 1587
558 743
4137 3916
4521 2217
3452 3575
4073 3868
2453 4085
2822 4376
3598 1659
3418 3722
2752 4692
1391 1351
3737 3341
1901 3092
2794 3884
659 781
1271 3542
3021 2144
3976 2964
3116 2525
93 2417
4916 1509
294 4835
1223 123
1784 2059
4878 755
99 3915
447 1614
4032 2651
4658 1151
264 3431
3725 4485
4560 1897
3896 2110
3129 174
3355 740
923 3480
843 2046
3769 1848
1507 1734
416 2645
295 4418
218 837
3852 657
2215 4007
3571 780
4971 2803
3733 3255
3994 1799
3201 1387
2871 1134
3712 4225
3044 4135
841 981
2388 2856
4048 3652
1260 1308
2441 171
1929 448
2834 877
4667 1030
1783 4641
870 2188
1167 3902
2521 541
532 260
2735 4697
4792 4913
3059 1587
234 4556
2777 3111
152 4969
24 1454
2047 1937
4995 4615
2525 126
3598 3036
3328 4280
2118 966
1311 3167
1 4038
1742 301
1509 3466
3767 167
2005 799
971 4200
621 4041
4857 690
3022 1948
3989 3682
101 902
3010 2222
2494 12
1130 3982
2119 4214
369 2677
4055 775
1970 3738
1645 1868
473 3871
940 2169
4536 989
4700 3530
3309 4018
3612 2061
737 1809
2203 2178
643 1180
15 3915
290 3663
3829 4982
809 3956
2534 2996
3205 2647
2010 4045
4131 2422
4438 1426
4308 735
545 183
4458 2310
621 3355
1772 57
433 2357
1317 3665
4467 813
1451 4655
3699 4180
3316 1785
666 2249
1843 2240
401 3912
4831 1887
4327 1585
3508 2746
794 4211
1443 1345
2494 1571
4212 3463
4619 4829
1293 3419
4448 3149
1354 1018
3766 2043
2964 2071
2528 3401
1999 73
3990 986
2410 71
2145 760
3403 1786
2449 954
2939 151
4658 2888
3989 3871
1876 661
2141 261
1937 1632
227 908
4674 39
246 1723
19 2192
1245 958
2237 1493
1161 4337
1986 2444
1158 1667
4899 4264
800 4021
29 1807
1875 3158
4946 4489
1626 3756
3323 2650
4065 361
363 2068
1726 2216
3743 3556
2098 2258
4090 3894
854 3801
1509 4360
776 969
3899 4689
1349 2262
35 300
1424 710
4655 597
2625 2411
585 1254
4697 1189
2876 1502
545 2330
4224 1991
802 3003
1296 1578
3199 524
638 4898
3558 1335
495 3057
2030 903
4464 1819
1763 508
4943 1677
4868 3351
943 3321
678 3995
1539 1705
4257 2286
3267 3782
3344 2155
2356 780
142 70
3434 1235
2188 1139
4017 1973
359 3371
4793 1983
3638 3275
2144 4670
1081 891
2073 2743
2732 2192
490 3618
1707 2175
2691 196
3232 4631
3530 3920
1129 1473
3052 2218
4332 239
2726 3248
1468 1534
801 4532
4909 1473
2636 1042
938 4923
4844 3331
969 2897
3166 4244
1700 850
764 4414
4336 251
2246 1810
4090 3467
1360 345
3933 3888
954 2301
3768 4717
4725 848
1069 4769
2592 4151
773 3332
2154 2514
2046 1120
3915 1667
702 4386
1291 3624
3593 844
4860 3039
391 928
163 1213
2001 1251
928 3906
1041 3259
992 2437
193 2534
968 4688
2044 4217
1114 1223
1361 2194
612 2731
4647 1611
4043 125
554 2044
999 4521
3914 2707
3024 3297
3348 3602
2174 1786
2106 333
3494 3344
2110 4934
1472 2801
3261 2023
501 856
182 195
4822 3320
3409 26
2032 434
4612 1080
1188 2878
993 3616
3699 3146
2291 3906
4238 4970
3271 4782
1683 4172
520 1443
75 4118
2427 4137
3329 1959
913 135
3493 1174
2090 4602
3646 2451
1782 4123
4295 216
702 220
704 2548
226 4719
517 292
1196 1810
1371 1974
4330 2146
4615 4331
1713 323
1985 4176
1900 2914
1309 4954
916 4400
4050 1163
4162 4347
2443 1965
3959 4834
1068 2458
420 2060
3239 1654
702 4566
3947 3922
313 4168
3174 389
3477 2626
3881 1848
1318 392
3226 4079
3709 583
2135 2287
2052 3475
214 4649
2319 3207
753 3217
4142 3023
1303 4075
287 4109
1238 4675
4720 1287
4556 247
1610 937
4278 3699
993 1869
1311 4280
4967 4139
2401 4979
3361 1334
362 2598
2466 1477
214 4917
3059 699
1986 3967
4484 1628
145 3886
2699 1932
655 2877
1659 1741
4202 885
2017 3388
1361 4467
2000 2705
1853 3834
1188 386
3420 2185
4995 3171
3372 3649
400 1083
2924 4334
3793 4038
3734 3215
856 763
1441 891
1694 3745
4068 1833
2195 3579
988 652
4195 4797
3582 1721
3578 3121
3408 1471
4704 4395
2681 2626
552 4061
2297 4300
1578 887
2235 905
184 927
504 309
46 2354
1565 1388
2026 2596
1668 653
2739 4089
496 676
4687 3624
4185 2779
1652 3793
3016 3516
2832 3659
773 325
3955 3292
1844 3449
4450 854
781 3759
2447 1306
4723 3097
4827 2196
1316 2755
3150 4755
2903 1206
3118 2819
29 4336
4955 3409
4885 1834
2467 3330
1243 1878
1105 2009
1003 3994
3119 2531
159 1357
2525 4640
3425 3509
1330 4040
3530 3379
1231 3607
4888 2900
323 4767
1566 1196
1129 2824
1885 3905
2918 1319
2896 4202
1702 1464
166 2842
150 4857
241 1372
2508 2573
2443 3260
4234 754
3296 336
4138 1944
78 330
227 1646
1753 2515
3274 3386
3411 173
1764 2532
1856 4
4183 3463
2952 499
441 3486
1462 2087
400 2719
101 1114
72 2655
1667 766
3 2042
4725 4187
2562 2900
729 3519
3866 1657
1619 4137
2114 4966
1567 2834
3833 3202
1325 249
4972 1548
3683 466
2085 1162
340 2498
487 747
3662 4529
237 922
3417 1492
4723 903
2324 4374
1629 3780
3105 3994
4339 1689
1505 4504
3054 4548
4466 3153
2668 2000
692 4185
2479 2913
947 2753
1772 2266
1895 925
1878 4291
343 4680
3691 3890
3772 4546
3367 3636
2258 1788
3740 2096
761 3536
4355 745
1122 1207
4052 2614
2612 1280
794 888
2767 1354
1114 3855
32 1407
721 4121
354 1933
2821 1769
2214 2313
2172 4231
4201 1082
1369 361
2124 2791
981 3030
657 767
4465 2051
1689 180
2554 2908
2906 1666
157 936
3078 4137
1794 49
3823 1380
1406 3791
3870 1118
1408 3689
1706 1329
3893 2743
86 3114
1198 4262
4060 4948
3127 3297
157 1279
1539 3568
2978 1669
3923 2408
1676 3729
3325 759
1704 332
1937 449
4991 3773
2903 4588
3586 2516
268 4925
4066 1972
772 878
4461 347
2169 3060
2717 791
4553 1840
4042 1694
2446 4658
120 3234
342 3245
3579 543
2715 4940
1567 402
3621 3335
572 1921
2451 793
3550 4601
4369 3505
3026 2863
4755 2178
4333 4375
1936 2729
4823 2066
1554 2924
4196 2664
2713 1250
3067 3914
4639 3850
3248 1394
1006 3675
1452 2209
1566 3117
860 957
1635 1843
1775 3662
3171 4270
2760 3323
3604 4935
3388 4637
1644 2232
4629 3007
3226 87
1757 712
2402 4304
4399 3280
583 382
3862 1931
3112 1630
3017 3004
4492 2673
1646 3289
458 4059
2091 4303
1370 4588
3045 1114
1127 699
4823 3123
518 1186
2268 3631
1623 3850
2607 1791
3450 2492
3983 4241
3038 3008
2177 1331
3578 1310
1149 655
1214 295
3859 3951
2604 3519
3998 1102
4768 4833
2438 2009
3519 3430
1180 2072
1459 3692
6 2565
2516 1704
3186 2608
683 815
2039 1692
1848 246
3487 2202
3635 3332
633 1488
4775 881
36 1933
619 2470
3917 3251
1570 1096
2577 2682
194 1554
4070 653
3089 2102
883 4220
4756 1671
1769 4533
1905 4350
4273 663
2068 24
2876 3884
3215 2024
2866 2394
4267 4606
4202 2839
643 1707
1328 1175
4671 872
2044 1868
2206 4218
3383 1312
4828 1252
1545 1729
1323 674
2182 2121
2174 4213
4759 1889
2337 1663
3372 3122
3444 4045
4799 4288
1582 1836
627 3932
414 2985
2140 2932
149 4066
297 3849
1400 570
3612 1716
4921 1453
2082 357
236 3592
125 1714
2911 235
2150 3721
4003 1871
1632 1178
2160 2006
3465 2652
3164 3363
657 226
580 4087
2901 3770
4595 1805
2789 490
3687 3731
161 2335
3731 4053
1355 3931
3743 1727
4389 3306
2196 4919
2603 4178
4387 4413
2811 3900
1765 1105
3049 2467
2445 1503
1399 3704
1426 2808
2074 992
3361 4752
3415 3546
1455 1216
4844 1273
4683 2520
4028 3722
618 131
1274 4786
4164 4878
4383 3472
3284 4086
622 2258
1445 1277
4140 487
336 473
3925 656
1010 2625
4657 980
34 397
742 1342
4705 1169
783 3885
1809 3141
2162 608
2256 724
4072 2003
1654 4551
3765 1707
3689 3238
2495 4090
3906 2642
3123 2760
2624 4234
4714 2294
283 4288
4707 1344
2131 3790
635 1798
2279 2810
2023 1119
2065 596
1058 2291
3262 2512
4994 4618
2547 2469
2820 4470
4652 2537
4776 4171
3822 1942
1911 4383
3172 4356
4872 2849
3983 1332
4179 4994
3773 4455
573 906
3204 3441
4778 4073
3769 669
4336 452
3649 1150
3543 1527
872 3608
375 4597
2272 785
2387 433
777 4679
825 3047
2479 4614
2499 405
4570 1438
4911 2743
3342 2135
1626 660
2154 251
3724 4859
1182 1910
4741 817
4245 20
3878 4002
2946 2567
2290 3672
775 3955
4146 1437
4841 849
1847 1842
2471 1284
1491 1090
4489 1275
4985 718
4358 4723
3723 2397
1517 4793
673 4135
4629 4857
3127 294
1840 573
2032 3266
3202 366
3670 432
1599 4408
3956 3670
3771 1501
563 4893
147 4609
1456 3667
1856 372
4134 532
1668 2089
4272 4909
2693 3955
4135 4517
3886 2407
3081 2297
2245 682
4195 3978
4839 3407
693 4788
2567 1813
4395 3934
2550 4339
4485 777
645 4209
1668 1110
4246 1917
4180 353
4624 3406
4225 4276
4864 2632
3042 4257
172 2908
1667 1976
1556 4315
2054 1105
1458 2864
801 1351
4704 1015
4595 4322
3400 4822
2703 3111
902 1414
2395 1533
2362 1205
3979 4534
4138 1244
3678 808
2237 2896
1819 15
4114 2375
1204 3857
3118 4977
2599 662
3460 3937
1598 690
3398 838
3653 2049
4442 858
3920 741
4288 4998
335 2463
4760 2352
3298 3856
4657 4898
1230 3010
1636 4520
4202 1696
4071 3390
3875 4774
4269 260
4778 607
1203 2863
1424 4321
4949 3468
264 4895
766 724
1202 2219
751 2871
600 4853
2230 558
3593 109
2808 3633
964 4697
2594 833
2983 4083
4153 3804
44 4243
2170 1675
3644 2652
3235 1945
3190 1229
4327 3178
1224 4862
2025 3597
2886 3413
4832 4264
2593 3092
2593 2063
2134 2545
3395 1592
3295 1162
115 670
3703 4802
1183 311
63 1893
63 700
3126 2267
2008 3549
4997 2797
3515 4479
1264 1786
434 868
1744 1851
4955 1076
1373 3155
4005 1021
289 4397
2406 909
912 2401
1983 4295
875 4295
2287 4410
532 791
4084 4682
908 1370
1401 376
4680 2720
4313 1245
4906 3903
2738 2271
852 3436
4428 4373
4887 4298
2960 2541
2097 4660
4134 2919
285 8
3814 4022
3405 3131
4552 75
2554 4739
1240 613
956 1828
177 3873
2405 2739
4898 2625
687 4824
2149 1901
1926 916
4484 2035
2296 1239
2695 3803
2121 4748
2136 3268
1796 3819
2064 3037
4707 4019
4146 4425
4879 2922
2484 1818
2947 4802
4007 4752
355 547
3508 2855
1098 695
4726 1186
224 3197
3774 671
147 2285
2929 209
3341 3693
4902 388
635 1998
1228 2089
3301 1918
2041 1822
1433 306
4349 2552
3914 496
2324 2655
1791 3751
994 3703
1206 891
1024 3055
2190 57
1437 3056
524 3275
1417 4020
1677 2304
3371 56
411 4115
4258 2847
803 4838
3936 1652
1402 2292
706 1939
2576 1264
252 893
1189 4397
3833 3399
4096 4994
1648 3734
710 153
4491 249
3991 1613
3321 418
2300 3286
3675 242
1253 4531
3876 4312
4031 1714
1289 790
1890 1542
4063 2465
969 4358
3220 3258
1547 182
3478 182
3726 1636
4584 3782
3083 4426
3131 2620
1300 1435
2225 4091
1882 539
2197 4113
427 2159
3014 4316
2953 3086
3169 2910
150 1179
2390 4198
2531 3624
4635 4636
1936 2752
4237 3665
2814 4529
3902 1257
968 2125
4160 3990
1319 3436
3543 4698
3700 2519
4148 1112
2993 4435
4613 168
4961 1935
4322 2373
1862 948
3195 1597
4497 1825
1014 596
299 1328
2356 3421
3946 833
1483 2071
4296 2448
750 63
3470 1381
3976 3608
1301 2904
1743 2172
2157 1575
1317 3221
2686 1166
4859 2180
4228 858
558 4341
3928 4618
411 1597
3312 754
4286 690
4905 1373
2166 1197
611 470
2549 3462
2539 3627
412 4317
2190 3191
763 3480
2760 2315
1861 862
21 2680
4977 342
1871 3411
350 3117
2614 4693
4830 4306
4989 1630
851 1560
4265 1294
2344 4383
1037 1664
4270 3463
1296 2579
1910 1971
1360 3262
1030 902
2272 191
4453 76
4117 4023
2584 1799
3982 2406
2751 901
1386 2399
4242 2970
75 1568
2036 408
4944 4417
578 2863
4608 2278
637 4058
2306 2690
2682 400
1554 2650
2411 2780
1886 1803
2543 746
886 3081
3604 1357
3834 4789
2733 338
1357 3777
3534 2539
551 236
4444 2673
2241 437
1154 4865
2625 4253
14 3793
4494 1086
2041 1448
437 3065
3381 3255
3825 4217
3666 2848
3498 786
209 1385
3540 1749
722 4909
392 2443
2352 3687
55 4971
2593 4828
4219 3490
2852 3036
3304 206
1907 4269
4799 4191
1880 3956
4036 2531
1052 184
1749 3948
2138 1981
307 4903
515 3890
2997 3484
2234 4368
279 2677
2415 3055
1034 2270
2033 2470
4277 3487
2364 1270
4425 1056
3403 893
2714 3834
4167 1706
3209 4870
1965 113
3014 4980
1573 2133
1427 1386
2830 2973
3156 2567
2520 4909
3835 4867
1786 4722
3703 4357
3377 457
4692 4680
2746 1212
4191 2771
2694 4362
4864 692
4124 58
2625 4088
733 3268
630 1465
3777 2044
4682 2933
295 4164
2905 3990
1257 4885
3045 2852
4614 513
583 323
1752 1720
575 586
3750 4804
1335 1682
4005 2899
1401 4286
743 298
1401 2389
2557 3809
2790 4394
1960 2078
793 3444
939 1953
296 3775
4925 1233
29 1038
2819 194
342 42
4226 4676
3514 2668
4122 353
2921 4971
718 3994
2234 2611
1367 3062
4618 2082
4496 2937
2304 4256
1885 21
1014 4794
3293 4583
3361 4259
2814 2392
1097 672
463 4086
4700 734
4001 2775
102 2611
1142 2010
59 4397
1788 3682
3052 1235
683 2863
4936 1630
4817 1322
1890 1299
3336 2533
2568 24
2477 4534
2635 4696
2353 3454
3226 2765
860 4529
2898 3689
1053 1500
2937 3105
1534 718
1640 2607
2852 4149
3741 3066
1501 4318
3040 932
4570 3769
166 1816
700 4046
4177 3398
715 3544
3521 3716
3473 1652
2115 3778
3004 173
2047 2290
4555 4368
4312 1963
2864 567
405 1361
4779 3757
4324 1778
3712 2173
4358 2279
231 4983
142 3229
3161 4279
546 679
1954 651
3028 1986
1986 4626
3051 4
2261 1820
3362 2906
2554 81
4850 4309
4393 1714
3899 4408
430 2294
4222 2377
4202 3042
502 4129
2288 1745
3092 3210
2893 3123
4578 4772
4408 1973
4327 4043
402 1789
993 3785
4183 2191
1073 3756
3762 3193
1744 1099
2199 2128
3880 1362
841 2029
3733 816
1540 3560
3546 265
4060 2855
1079 957
2933 4715
1472 4324
1124 3823
4945 1180
2170 2549
4150 2288
1729 127
15 4447
2791 3287
1705 4783
2656 4508
4879 3580
3272 145
703 1104
941 4819
41 1224
2187 2544
970 3801
681 3534
3103 2462
1184 3687
117 4279
556 4399
541 2615
1091 3487
4452 4114
3395 2538
2977 3817
3264 2064
416 3340
2179 2340
4260 1931
318 2383
2288 40
3803 2880
4190 3460
1053 1665
137 3221
2646 1974
213 1816
431 2364
1423 2673
830 3963
886 421
4601 1498
1033 2248
4266 3982
18 167
1979 3078
2928 1804
1704 2438
4490 322
3843 3294
1319 164
2171 3471
3803 4886
2438 3665
2612 39
3133 539
4891 4138
2999 1961
3565 2095
4741 91
4569 2851
4845 200
412 1705
4578 3206
2136 131
3713 2932
1691 3993
1654 182
212 3444
3981 4420
2832 336
3908 3096
1834 2796
277 929
2058 623
2618 4753
252 49
2441 1728
1417 2931
4623 3627
659 1948
4457 381
4121 505
4525 2072
3434 335
4567 4127
2935 4968
3111 2051
3601 4905
4560 1528
978 2836
2036 2524
471 1518
3867 4923
3659 2566
3426 1954
2687 1729
1463 2830
2637 2782
3851 2288
1963 2819
3729 1336
3485 1636
1499 506
76 4114
1859 2529
1866 3888
3551 1927
1087 4365
646 3534
3157 1159
1759 1678
736 781
3384 1547
1746 510
2580 2458
3723 2523
1566 777
4997 382
2850 1744
4981 1654
1683 784
1189 2512
4063 3734
423 2852
4126 4307
204 361
2393 4051
1795 2285
2672 848
3565 44
908 2867
1324 3724
1035 4647
1980 924
3905 4306
610 2327
4971 3600
33 4073
320 2357
99 3092
4056 855
4228 2631
2486 2734
4819 2572
4354 1289
2130 4365
3671 711
692 2570
691 2150
2726 249
2357 1475
3134 4834
520 4495
120 638
654 3378
3664 3012
3656 3862
3841 4959
1409 2955
3500 1008
2579 3778
2276 547
2697 1752
1102 3816
4715 74
2775 145
2144 4688
861 659
2382 775
3023 1779
4756 2830
1457 4494
4105 3364
2543 1940
2614 4836
466 2866
142 4391
1113 356
4998 1005
2495 1899
1910 2039
1018 1760
1527 539
3204 3221
3584 4501
2874 2644
3985 3983
3274 2135
2696 3189
3257 3283
4593 4607
938 689
3615 1332
2835 2946
106 47
1370 183
3873 4721
4069 3330
503 4699
2054 3301
4754 4741
4685 4925
4294 1408
1319 138
1344 2061
3525 2966
2630 1328
519 3223
4700 2596
1007 1915
4601 132
2475 1303
2544 3155
4082 4404
178 81
1983 3782
4601 499
3747 914
4168 3766
141 2572
1062 3215
1820 2827
3833 18
558 3377
4750 909
3777 2290
247 1520
4334 4744
1518 4371
789 121
3382 44
276 4318
4480 1827
2121 3416
4363 3068
1319 417
437 4737
3997 92
1606 2193
4121 931
1604 4233
1556 3219
3912 4005
4903 102
1335 228
1580 228
3861 4357
247 439
1453 2425
3907 3082
755 359
137 2508
4538 4349
979 4751
4625 98
358 200
1743 2742
2638 4658
688 2738
2011 4340
1512 2513
3898 4787
621 1274
2510 4221
4201 961
2069 3900
2652 2873
247 3146
4304 873
3745 3167
2678 4696
1360 3405
2062 4470
4921 700
555 4944
813 2975
2213 1839
4338 2033
592 4134
597 2637
1498 639
522 3530
2450 2209
3022 79
2180 1895
4572 176
1473 64
3228 2101
2907 2430
3690 3659
3245 4933
2386 250
3073 275
1953 4283
1572 1766
3046 699
2996 726
888 4368
2921 2489
2601 2262
4177 4868
688 1487
4310 4245
1117 1613
2482 946
629 4933
3539 949
149 2706
2481 1703
4066 2755
4435 2077
4855 2291
3634 1204
3561 3106
30 77
3333 4348
476 1436
1761 2798
3257 4747
4303 1361
4832 2910
3349 2837
3279 4075
1610 3219
3192 2808
3187 1383
3195 792
3627 2960
249 443
874 2501
3787 1529
3444 4189
4217 467
4394 3691
3414 503
2526 2117
2416 2614
4271 4511
4358 219
237 193
1515 1378
4542 2241
1351 266
2791 934
1796 1416
4854 2859
1933 1610
164 3420
3419 1613
4104 1065
1809 3876
2887 2396
383 982
4735 3991
717 4146
2522 3983
4309 2401
1600 911
11 4263
4926 1043
960 4456
3963 2626
713 1844
2832 3766
3798 2166
2543 4516
2087 2783
4652 962
841 1249
1985 3810
3478 4011
3006 1306
3075 2960
2213 3460
3250 108
2692 4025
3840 3261
4019 4629
1713 2369
293 479
2951 3090
723 3560
994 155
284 1045
4897 285
3145 1410
230 1338
4492 2285
2208 3445
2209 117
1722 1388
1629 4285
4673 2332
1219 4944
3915 687
4797 3386
3954 108
1672 3273
3495 4868
1536 3495
3628 1708
4082 2741
4610 2164
1633 1429
825 4035
1495 1100
1078 4388
4205 738
926 4945
2991 4848
4097 3170
1670 76
3162 3562
4497 708
4275 2719
4486 4365
3701 4652
4193 3366
972 2676
4703 2470
1865 3317
3965 2255
4586 1831
737 2453
3428 384
2826 4311
288 2645
4948 3449
1484 2374
587 4315
1792 2103
1929 2778
3816 2967
1482 3641
314 895
4988 4148
2469 4481
3557 2840
4746 2649
2500 1034
3222 1996
122 2363
4261 3748
129 52
4851 4086
402 4684
1563 153
2941 2275
4731 74
1521 4522
3982 3920
3468 2026
3929 1873
4532 957
4914 951
771 92
4809 987
1289 3046
2731 3812
3035 2378
4515 2644
514 1394
1585 4928
3871 1636
631 4257
1041 2845
1750 1092
2057 2604
1152 4602
1141 4649
1278 1420
1169 4576
3409 1976
3300 4062
3421 1112
4701 3295
602 2669
1238 3889
4556 2656
3657 936
987 2712
3648 1959
2805 4605
449 1704
1574 1448
4621 1584
4025 2029
3650 1778
1313 1870
4598 4782
1185 4597
2916 4846
1553 1069
2219 1709
1970 1438
1658 2492
4152 1171
1104 2107
2862 4690
2263 3664
64 1463
1473 4414
625 69
1322 4085
4205 4282
4109 3170
4929 2734
4795 2836
1175 128
1437 91
1221 4589
203 1220
2269 3094
3502 1700
959 1292
1391 1833
978 2235
4058 2008
58 3736
3965 990
3331 1721
1667 1799
955 1135
2350 1316
3454 3354
4336 2629
123 858
482 2587
2099 1733
1893 4696
4250 738
4006 2854
4319 192
1959 2713
638 555
2264 673
3164 1157
69 4399
4394 3893
1393 2732
2810 95
2320 2017
4846 3872
986 2150
3105 4059
1563 1562
1141 373
3463 2372
4587 1810
1179 252
554 4594
390 2193
3046 3595
967 3400
2465 860
192 4446
648 2507
16 2026
2564 3867
631 1049
2273 2974
3706 3239
2827 3595
3166 3999
84 1732
4513 1783
4698 4167
1060 1315
261 1607
492 3125
838 4174
4704 1742
979 4401
2317 2028
760 944
261 663
4423 4616
3159 2209
4520 2735
4623 4290
715 1924
718 2101
3802 3744
4884 1531
4780 3701
2786 1018
44 737
4908 4097
3296 4743
4371 2763
1517 2898
3953 525
624 3423
70 3046
4272 3934
3871 1930
2335 4084
2542 955
2574 3633
4492 1828
456 1529
2435 603
407 689
1777 1979
3571 3967
2166 4235
849 2694
1814 3223
2488 2821
2082 3176
1350 1507
385 2795
1745 3914
2204 155
1490 3461
3760 4787
2468 1222
3340 1524
4323 73
2641 3272
4391 3062
3361 4857
4759 3343
1233 1488
3762 2319
2760 1773
2752 1595
2066 4352
2704 528
742 147
3531 3848
4642 1700
1629 4866
4321 2674
4756 3157
3138 763
3632 4657
3306 3535
755 946
972 3349
1858 1457
117 3456
1561 3545
3652 3646
1901 3667
2502 3669
923 3631
4528 4498
2238 2040
1557 3751
4733 3809
2960 2240
4027 2682
355 843
4744 4322
1421 4338
3845 4871
3138 3230
4261 577
3509 25
3519 927
801 231
4943 405
3485 650
852 1907
1829 3561
4412 1251
1829 1501
4508 4990
1785 424
2972 3211
4167 2354
1151 2741
718 1233
4488 1296
2360 1452
2816 3856
3731 3084
852 2438
2437 3792
898 3080
4069 1331
1436 1620
3343 1708
2982 81
3191 2058
4338 1714
2599 4178
2379 591
3988 1558
3566 2369
1874 3804
1124 3946
2479 1600
348 3495
1237 2991
501 916
1993 1937
1161 2442
1865 4258
2110 4767
243 93
3166 298
480 1805
3766 2177
4831 4402
875 2465
197 4156
2584 2081
2098 4392
1868 3084
2792 4380
2505 697
4765 1040
2343 3976
4455 3770
2863 2963
3919 4886
3708 751
4382 2857
1523 4430
380 3224
2611 2355
1807 3002
2687 2473
3841 4054
4881 3263
74 2898
1761 4196
2260 3714
523 2931
1798 2513
1750 3123
2696 1367
1040 2942
1261 1087
4527 3732
2335 1188
3898 2755
2956 3568
4510 2221
885 488
3653 4526
4312 1815
3265 1713
2955 165
519 358
4161 2843
158 2074
1330 3862
1934 1282
1242 2454
4301 3293
2395 1666
1996 4022
614 602
1753 899
4693 4897
4742 3237
1060 2356
798 4660
62 4523
4200 2318
3652 1371
1012 4515
3880 734
2938 3944
672 2632
4938 3223
3333 1670
2990 4655
131 2613
3523 2109
3395 1013
3006 1791
3276 4360
2228 3216
1105 322
730 2965
564 3854
1323 3387
1575 691
3432 3131
259 1850
313 1700
642 1109
1202 2603
3142 3037
521 4129
1757 4296
3515 1152
1044 3253
854 3715
2760 2573
1553 1354
2363 4920
1520 2247
324 401
484 3512
367 360
3943 3017
4540 1041
3573 653
3916 4046
1614 2113
2229 1878
1160 3533
3174 1424
3825 1376
1174 3000
969 4583
4607 4997
3782 3105
1176 932
978 890
3153 4741
191 658
4319 744
3 2049
2583 3339
4926 2090
3927 1555
1160 1913
2352 2148
240 1954
4976 528
2519 2088
1132 4784
1338 4390
2866 4153
6 389
4156 381
3654 4131
4273 253
2176 604
45 3577
1615 4224
1353 988
3633 1465
4853 1550
3624 223
4170 3847
4885 4929
884 37
4064 3962
4460 3491
3420 1102
1268 2086
3952 24
3564 3068
2409 1441
3946 2091
2394 2455
4269 2300
2158 2944
162 4602
2196 1161
3071 3019
2792 2439
797 2546
859 4137
92 877
705 3616
326 322
3696 4925
4725 3393
2992 421
2136 2702
814 2467
4496 3239
186 2450
3402 380
4049 4181
4669 447
125 3998
2058 1953
215 2047
1100 477
3359 2528
1725 4246
2274 4733
4872 4481
3546 955
1269 4294
3740 4680
2102 2921
3619 860
2129 2303
1474 2639
2006 1703
1686 3576
2960 2830
673 3488
4840 359
3195 1425
13 493
4699 4614
4192 1918
756 3560
4356 2311
4667 4217
803 2654
1628 2457
4179 4520
3308 27
3543 4375
1240 3468
554 2063
1357 1695
4022 4469
201 559
1931 788
2623 338
3379 2206
1648 3334
2921 252
452 3604
1818 938
665 1758
4876 2330
4666 1989
3932 2707
4136 4963
2532 661
4694 1778
4056 4572
1262 1991
409 3687
825 4735
4403 4796
1836 4236
825 442
4126 1083
3289 2730
1053 1422
4761 4570
1993 2593
248 4855
1208 4035
3858 3191
2737 2371
1475 1953
612 660
261 1081
462 4175
1461 2660
2834 331
1455 2908
3419 3964
4498 2216
2302 4709
453 3812
908 3851
2289 3104
4030 3559
385 1495
1201 1599
2123 4895
4521 1043
4011 3176
4137 703
1333 2266
1640 3442
3223 2311
3879 697
4433 4578
4239 3080
3205 1227
3424 2606
4137 2641
1564 540
3571 218
755 795
2708 1058
4335 143
637 4701
1791 2315
2838 1546
2088 2762
3558 559
4735 2167
2196 2611
2684 1578
4644 3196
4441 2968
869 2886
744 2989
1375 276
2378 3745
1594 1038
4291 2140
3241 3791
2595 3879
301 513
2528 4929
4311 2599
4615 3474
109 4503
537 712
2222 4187
3426 2867
4512 1435
341 1527
646 1824
3083 3294
1320 471
930 2895
4490 608
1186 1207
294 2162
1219 2418
1198 3716
554 1278
441 4307
2458 4229
1599 2603
4431 3053
4328 1908
646 1325
3814 4235
2593 1710
1995 3729
2142 3811
4228 4988
3551 1711
3613 3192
340 2514
63 946
3620 2583
236 3969
3203 4333
4803 1961
3309 1560
4175 1709
4025 1196
1258 1513
3625 4757
2359 4401
661 2037
3108 2081
4271 507
2014 2849
3545 1244
4343 3293
3362 25
290 4823
904 4277
1679 1513
2064 4673
834 1395
1401 2078
670 4717
2054 4407
2791 66
290 2600
4605 4697
4917 4326
3292 632
893 2069
3665 120
2928 768
351 1704
3469 1376
2926 3014
659 4308
4949 1249
2729 1730
1167 4828
813 919
3441 2911
2112 657
4131 4608
2174 1950
3421 4834
3147 4128
3929 639
4769 2847
1702 1399
1407 1179
2909 2885
2187 941
4812 410
4351 4753
4919 4913
25 3843
4551 1126
613 3786
459 1372
1302 2853
2026 889
1569 1057
4467 632
3498 252
1380 1435
2288 1113
814 2810
4139 3904
2642 3084
3974 185
1117 1257
2631 621
4486 1411
2604 754
4368 3871
415 3193
2634 3259
2730 2605
2220 1205
2846 4786
2421 69
413 2991
4287 1136
3576 4929
1948 131
2002 1718
3514 2160
843 3715
3193 3744
4176 4906
958 613
4832 2836
840 4418
1402 1815
1511 3434
722 2740
4388 1226
2986 3639
1004 12
1917 3652
4270 977
3327 3587
724 570
2144 3439
2958 4570
4519 4448
3113 1932
4115 675
4951 2788
3877 419
2728 1805
1201 1463
4527 511
139 4392
2719 4674
3759 2180
4172 3491
2225 1932
2262 3442
4362 1206
3927 350
180 1944
4830 4989
821 1266
2268 4660
4487 4390
4308 416
2192 735
1768 3038
2541 1939
1726 1709
185 4863
3617 3766
1363 2638
2052 4653
2046 3356
425 4527
1067 4749
4496 3399
3833 3525
1067 471
260 4052
4566 3399
3682 4984
2436 2357
1242 623
1260 4346
696 2655
1482 3045
3915 588
266 3566
4208 3758
1376 3513
1895 1027
2755 2884
1227 1696
4040 4127
2832 3408
890 4455
2732 3422
4215 4831
1591 3101
1021 3197
3815 2970
2451 4028
2484 4050
2213 2154
2019 4573
4216 680
1318 3583
323 609
2600 951
1622 4513
4311 3214
1484 188
4330 2501
2628 4169
865 2331
3814 3617
2539 4658
2808 671
1674 4125
3392 1549
1932 4040
1692 4368
2443 1444
669 2850
3628 2686
834 3570
4709 434
1361 3914
3582 4809
3208 61
4298 2332
3778 1915
1704 4012
613 4658
993 3376
3232 666
4694 1058
265 2421
2794 743
1548 2146
4810 672
1712 4381
4550 89
3996 3268
663 1230
2935 2912
2672 4981
2501 2078
1137 364
1957 4961
3286 3584
119 2910
2494 2199
451 4924
4311 1866
3445 222
2319 683
196 3950
4862 2671
1825 2751
607 487
2237 3495
589 1817
4020 2167
194 4462
2829 1241
795 4160
1467 4541
2943 3770
4302 3056
86 1444
642 2553
2494 4081
4962 985
3953 2063
1053 2495
51 4250
3278 2469
4423 525
3641 3394
912 1574
1241 3165
3925 2797
1831 179
246 1705
2942 3317
1547 4247
4609 1001
460 4351
709 2962
1851 4437
4763 3191
4766 2193
1917 1998
2432 3316
530 2235
3359 3184
909 2625
3704 2594
2952 4027
3614 2446
1646 1111
2914 4391
4477 1735
1852 962
1746 3606
176 1837
879 3724
3468 2346
4480 3582
2534 4042
187 1453
4194 3008
69 3633
4520 731
2257 3769
292 3422
643 4698
2863 2400
499 3938
835 4684
2029 4239
3324 3092
1133 4425
2682 1799
1152 817
2907 3972
4206 2805
1485 3897
3324 4297
2857 3901
3286 3835
4347 998
4145 266
2518 2511
1638 4732
2709 658
4146 2315
4268 3878
4882 2092
2748 4869
2588 4188
3773 1829
2233 3782
2326 289
1335 2293
3728 283
4171 259
4536 584
4283 1556
2539 840
3562 298
1045 3448
700 3405
1538 4646
2577 342
293 2696
4207 785
655 202
2671 2669
2646 2202
2058 250
1495 2465
2501 2341
4543 2065
2335 4658
4243 1901
1179 111
2399 3082
1401 3073
4067 1760
1254 2430
4274 1516
460 1598
4756 270
2629 470
3764 3713
1841 1386
1763 3260
1071 495
275 3733
4439 482
4816 2885
2926 4120
680 4715
251 451
4508 145
1694 462
4702 2909
3152 1838
2530 2085
3638 3037
4897 1219
239 475
1713 4632
4485 1571
1832 1943
1904 2927
1567 1681
3245 753
4628 353
1278 2920
3927 2788
1116 2483
4534 2719
1607 189
2356 748
662 4405
4716 2114
4153 1944
4611 3703
2995 4693
771 2525
4526 2021
1620 4559
879 4750
2934 951
3832 3562
649 4869
3364 432
2893 3709
3117 2039
3117 1910
2697 4642
2374 435
1755 1949
1958 2824
3670 4035
3392 4666
4028 4937
4292 4762
1821 2178
306 576
59 1895
3455 1225
290 3387
2400 1485
3605 2576
4075 1287
4491 3778
4470 3042
2905 702
3327 1580
1377 2911
1618 1145
520 2909
2969 4935
2021 2977
765 4602
4253 4666
811 1547
4555 197
2706 1849
2500 1981
561 2148
265 2535
3782 2226
1655 4712
3960 2057
3576 3189
3830 3752
2308 4815
3856 2234
3522 2449
3643 3063
3431 3167
2707 1624
1866 3357
1912 4671
4710 2777
4339 1401
3958 2798
3394 3865
1184 3870
2775 1043
3040 4538
3543 2337
3069 41
1390 1853
2512 1748
871 2772
3032 490
2977 4611
1931 4965
4190 1353
455 1575
3309 3529
3903 826
3143 3882
1641 619
2046 4532
1676 1690
3322 3113
334 1385
109 2302
2708 3679
1566 2581
1947 2719
1939 2937
2907 810
3271 4348
3555 3389
1283 2848
1599 3312
497 1072
1894 453
2755 1891
3224 4785
3834 4237
797 2650
1443 441
4696 3717
1139 1582
2259 883
3291 645
2260 4255
4695 276
2573 1279
2769 3483
2618 1188
4171 537
3651 303
3249 137
3816 2730
4084 4279
3692 3033
3578 152
2915 107
3523 2755
2389 2249
2143 427
724 409
555 3198
3530 1807
2571 3605
924 4105
9 4951
435 4205
4507 60
1409 994
435 1636
4240 4040
560 4306
3582 1893
3329 1312
3173 2100
3122 2576
1311 2932
295 4323
2894 4762
1469 2394
1417 3484
3656 3080
2579 100
207 4752
3614 2821
2220 3175
3813 365
3935 2768
3383 78
842 4433
4111 2434
271 3495
879 3419
4542 4050
4309 1109
4419 855
2910 1233
2660 310
3831 2422
4072 3207
1163 414
1138 1934
2863 2882
4445 3584
585 4019
2761 697
2550 190
964 2076
546 2483
2165 22
4658 1963
2945 4815
2846 4739
1848 1966
867 425
4985 4872
2885 4954
2778 4180
3689 2901
2740 206
2720 1352
243 4966
4927 3069
4836 1172
2571 1928
4543 1163
4403 4448
179 431
1102 3607
1785 276
1179 1472
616 3020
2791 1580
4503 2285
4336 2593
3794 4309
2240 2336
524 4842
406 4217
1739 2746
271 4285
3472 2332
3602 3576
1725 3354
4304 4297
4018 1540
3458 3583
152 4905
29 1857
1126 2372
312 1266
1562 4945
902 4496
839 2051
3871 2336
2420 1771
761 615
342 2527
2212 471
2540 4332
2626 2452
3183 1010
413 658
677 1683
4059 3909
4931 2366
1621 4989
3815 4223
4013 3436
2280 1339
909 3764
1461 690
3021 4186
3530 2886
4180 3633
2746 3602
1408 965
774 4729
3672 725
1179 509
2286 980
369 2112
4914 1236
471 3098
706 431
4060 3887
1614 4171
1049 4796
1495 1321
1675 3374
4056 4531
3932 1584
1476 3304
4945 3271
1527 1333
1549 3307
1969 4017
2700 2948
2717 4189
69 3030
3535 1606
2303 4059
1908 3984
4308 60
4476 3817
4618 4011
634 3120
1806 4848
3484 3648
4692 1894
2821 2020
4345 410
1480 1329
361 4767
1416 3570
821 3824
994 4292
1132 3491
4100 4776
818 526
4095 4470
230 4906
4343 2284
557 2040
2699 2162
3180 4900
3808 4880
1410 4925
304 1727
4924 2653
4975 2913
2923 2739
703 511
456 3395
1313 3981
4927 1271
4620 4299
2553 1373
3146 1667
2755 1292
4165 3017
564 3291
4666 844
2852 2920
1619 4872
600 3170
2008 1238
2322 3308
4568 3449
638 2975
2089 3684
1255 106
1007 3165
3655 24
1241 17
21 1367
1151 2147
4081 4208
4935 4
2235 4744
4984 3216
4706 3882
4381 4691
3864 4734
1923 1598
1162 3226
3862 4626
1918 4316
3997 3560
3037 2649
326 1514
584 117
4244 2209
742 2448
4557 3477
2363 936
2000 3850
4301 3465
4724 2957
1296 870
4627 2243
4298 1442
2965 2922
4312 1136
2225 3199
2087 2947
558 4131
2190 4907
1160 530
1072 101
4638 241
4040 4965
1681 4252
1622 4106
3575 1033
4078 1535
3796 716
2343 2042
266 2824
3321 154
4527 383
4464 3354
3541 214
29 3996
4904 192
1267 1804
1664 3765
3535 274
4741 4815
1632 4091
2730 4009
3222 3949
3499 4541
2176 685
4808 1784
4901 4455
204 1267
868 3241
3239 993
1887 1653
1158 1272
1394 1880
1429 4014
1386 916
3403 1106
0 1726
2419 4931
3932 2453
2835 4697
1078 4024
3501 4798
976 3554
3939 849
1624 2742
3927 471
1434 576
2400 3470
