3895 7594
4844 1881
6313 1779
245 904
748 8412
4744 5242
1679 9752
4287 119
6833 5561
7954 8805
4762 2384
6430 1099
711 6959
2517 9137
465 4797
7007 9574
9951 5845
319 8398
3250 171
3296 614
7950 413
3822 8372
7625 4577
17 3424
1596 49
883 9737
2854 2943
2083 709
1616 2263
1666 7273
2075 8160
7579 1185
6933 4030
8320 157
2619 8839
4687 8217
8361 8943
2851 8359
6204 1603
8199 4106
6264 9295
9909 7506
5381 9324
445 8863
4740 7562
4881 6131
32 5733
1613 8217
32 8711
9300 8172
7801 186
5013 278
1343 6536
748 5046
1884 4833
197 9884
1162 3240
6220 1492
1402 6682
9440 4236
7703 8540
4838 3300
7444 7793
2249 9617
50 3669
5903 1838
3710 1000
3974 5888
3799 1466
5742 8100
3069 7279
656 3080
1845 6672
9468 963
7977 9998
4769 5265
5516 4275
5524 1534
5163 2871
4227 6062
1151 4652
388 6295
6191 3078
1607 4029
739 7738
2234 4520
5075 2706
4315 4883
5053 8763
7272 5251
7446 8363
7586 1058
6088 5234
672 487
1385 860
7712 2820
4812 31
4504 5532
3585 4936
1515 5310
1175 5548
7207 3747
6274 3726
283 3968
7192 6844
8213 4360
3333 3158
6857 7602
190 8077
1006 3314
8850 9043
4003 6006
5709 5796
927 6703
7830 5360
2390 7226
4104 2421
7415 2234
5582 8325
178 4148
4711 6937
5287 7927
346 1554
9274 2982
6083 9335
8610 1875
1722 7088
2385 2425
6517 8206
6205 1142
1524 2516
9901 2019
6154 2934
1792 1842
8523 7213
2790 8147
6209 5941
6626 963
3817 4851
4791 6001
2122 4949
4576 3982
3589 7800
9932 4689
3704 7952
4454 7524
8029 7720
1330 1582
8384 3590
3444 510
1933 3242
6250 4048
9127 5043
8442 783
7830 4030
1366 1112
1320 444
1883 1815
6088 2366
570 2497
2363 3056
4317 5245
3895 175
5995 7807
3934 3688
6167 5825
4536 8943
371 7872
3584 4792
4290 593
7381 3654
1914 4991
7536 2494
1688 8995
1477 2999
3438 2974
4610 5024
4920 3733
6212 845
8540 2665
5641 5808
8671 4513
8865 9664
6500 9767
1742 2329
8447 9789
42 9472
3048 5642
3623 8304
9307 9636
4769 7494
1452 811
7968 5509
3193 6432
4042 4711
4231 5505
2741 5009
7774 8466
810 7778
241 1736
1605 5688
7365 917
8953 4239
9683 7868
2144 5558
9960 3232
5344 3887
5529 45
2858 8115
2900 3426
315 5680
6322 5610
9301 5873
393 7510
4296 6824
1694 5336
5418 9450
3479 1471
3558 2775
6015 3850
4272 180
690 2586
9062 551
8056 6712
9123 4350
9759 8864
4973 4477
816 7385
3630 4610
3428 1554
3455 7671
9504 3739
7072 979
7915 6925
4373 9837
4128 8327
9627 9134
8271 8390
7976 3809
3917 3008
2479 1898
8940 5005
3171 6481
598 8098
8467 7130
8915 411
4516 4738
5130 7285
6700 6247
9315 6853
3610 1684
1803 776
1460 6568
3281 6856
7832 3698
3469 5160
2836 2571
8800 9437
2017 6064
4263 3656
4857 5003
6137 1924
8841 9517
928 7048
882 6250
500 9450
9018 5872
6882 8417
79 4053
8540 8581
6827 765
235 8213
6179 8117
3343 676
8730 6543
5127 7889
1395 2794
3467 1553
2036 637
8454 139
1669 9360
7730 80
2631 1222
8268 9045
7025 5931
758 3167
5798 198
2571 7226
9155 44
9965 454
36 4609
5066 4446
3510 8699
1885 2966
7847 7573
577 3008
8522 2508
5088 2827
5446 9658
2522 7402
3022 3468
3953 6844
6011 642
5329 9980
5446 4723
5933 6407
2978 7675
9349 6678
9877 8434
803 903
6247 2665
3812 956
2836 4532
6756 528
7948 4447
4274 1361
9385 5758
4211 5967
9216 9397
82 4207
2144 9808
5685 1324
4264 4064
2650 123
1701 2435
6513 6121
3737 2318
1763 4835
6071 4826
6416 4289
9259 2201
2359 7073
1319 1315
2558 4332
4599 2305
9121 103
6038 9445
375 1847
1978 9508
2544 5809
7242 1714
3882 7886
6751 6376
6899 3000
4248 2403
5369 5012
2152 6812
2461 8508
203 64
2950 9079
5990 28
466 2647
8123 9047
9191 4814
9340 268
4040 6046
967 3378
9731 9628
9183 1402
3559 2224
635 948
1427 8044
1272 4317
3609 550
1418 3321
2721 9588
5967 9946
3258 2035
740 8859
8459 5620
7313 2555
792 2900
9968 3049
1344 2006
7596 5656
1875 3039
7379 9935
6513 9965
1677 6992
9406 3669
8327 9570
4609 3080
8584 2558
5915 6625
229 1667
9669 2461
1967 342
4515 2824
8394 3289
2885 6432
5017 7030
1163 6744
8165 2569
4104 139
8845 8376
6768 3067
39 7295
2203 9557
3332 2700
9147 1283
7617 132
9898 5310
7849 9472
253 2077
1161 8936
4373 6142
3372 6457
708 5904
7108 4374
908 8171
6282 2121
4803 1309
5453 84
1427 9937
4198 9721
3614 7310
5772 3794
1150 1705
4483 5693
810 7480
2848 6552
9381 8405
1783 7797
1649 9210
1253 6714
3793 1535
4474 7176
4844 3534
3534 9605
9085 6095
9028 2472
7846 7765
8236 6513
2085 932
7810 754
5007 2429
2227 2670
2585 5351
5280 7789
1798 6316
1324 5561
3659 5469
2159 9496
7918 1555
6477 4502
5692 8691
1265 3390
953 1661
6274 6420
4082 5826
6632 4178
5359 5535
7511 7102
9685 5946
1258 8837
8856 4200
5948 2486
1853 328
9759 9277
4317 7968
7215 8106
8069 2450
1056 1725
7211 2618
6804 6305
9819 9447
4010 6882
8511 9123
8992 2204
3533 4689
1753 4562
3850 9858
7785 9015
828 6612
541 5532
6829 2664
4279 2071
7980 3678
8743 4236
4622 5567
5702 1787
8754 3847
12 7637
4145 5757
3345 9100
3572 4160
2528 2775
2848 7359
8664 9678
2748 2997
6764 2536
9843 8416
1130 6927
1477 5245
5945 5837
6312 4145
3867 2885
2428 4646
3058 1376
5963 7328
2495 802
2303 3483
5397 4872
5374 2035
2844 3713
577 6495
1682 102
2114 9931
12 455
2531 4737
7146 4068
1292 8020
8680 548
4092 7704
1680 8582
7233 4065
6157 8514
7890 9686
1691 6170
1097 9986
5770 5586
7934 215
3810 1129
7983 3615
8512 2979
5484 2784
7118 9061
4414 6443
3616 7389
3432 7954
3115 6523
2181 8803
4224 5903
9201 7686
38 7376
7684 1071
950 5110
4265 9599
4352 9206
620 4574
7002 5879
6370 8205
3305 9077
2995 667
1496 9042
7506 3974
7717 1444
205 5644
123 3727
9695 461
9754 3231
6115 7214
435 9905
1476 7213
8655 1855
4543 2444
1488 1623
234 4268
9583 3304
7214 8120
3059 8664
3135 7434
211 4612
8492 6702
499 3364
1986 5969
9483 9578
8923 8789
7078 2040
6708 9524
7173 2891
2860 7166
5571 6071
4743 8002
8628 7648
3411 3685
7542 4755
9154 6513
4058 5551
2998 541
2092 1651
7596 2613
4157 6789
1294 774
4978 4316
6700 8712
1525 1227
2021 3704
2297 2299
1551 9921
6476 4964
1286 4503
213 487
3761 5008
6300 2778
1488 4926
4121 8145
1858 4845
4500 8789
8883 1590
1707 9796
2754 7422
8051 3398
368 1998
9702 2231
8420 8447
6635 21
3996 9985
6499 5288
4430 3657
1886 904
4925 3141
5982 4752
5895 1101
1204 8430
6587 9000
3191 9203
936 7464
4707 765
7824 1395
3533 9662
8283 2975
5573 7289
3912 1833
4148 5225
9278 1745
2933 8766
9041 6518
5984 373
5633 3754
4353 1298
8508 6801
5895 9677
7475 7004
3689 2198
3977 6796
2739 8390
5416 9877
3982 2388
7630 5617
7133 6592
8293 4445
1235 2159
7089 8644
7155 4388
6818 5734
3055 6695
4409 7765
5330 7765
1158 1820
6457 500
7184 2669
4827 2801
5838 7973
1306 936
7587 5885
4194 4639
6951 6912
190 7600
3583 8484
3146 3265
6255 7543
2898 6097
5590 1831
9961 7537
1863 9390
4487 780
1240 7145
8586 4261
2003 1523
3341 8380
6570 3906
8182 3756
3223 4942
3608 692
1121 3417
393 3312
7291 9040
8334 803
791 3261
5091 8211
8792 5285
5127 6097
8613 341
7619 2788
9945 6340
4859 849
9783 8804
9917 1721
746 3323
3943 1871
3595 6601
3077 2900
1388 7029
56 5873
2449 7752
3090 2448
2142 3461
3181 5992
2875 2628
7467 1827
2613 9770
840 4173
9678 5927
268 3771
3492 6283
7405 3110
2479 5189
9746 835
5828 4106
7298 6208
1223 6511
8186 5101
4477 2259
9485 6884
9583 7259
3670 6422
7419 7451
8953 7700
228 6846
4855 7911
2953 7267
8496 3884
1411 2884
9091 9727
7512 4115
3377 4323
5341 4868
192 7084
3641 9009
619 3465
6484 9294
3415 961
8078 4746
1712 1673
6796 2814
1441 2735
3181 5525
2371 4326
7354 2392
5629 798
188 1573
7913 143
9160 4331
6551 7954
9157 1173
75 7500
3807 3344
5298 8312
7155 6027
7058 3888
9786 9978
1967 7576
3875 1095
1081 7767
6537 6806
1827 3810
8580 1475
5935 3559
7483 1770
6036 9955
7335 4322
1634 8432
6706 9511
9148 4191
1950 9458
8612 6381
5907 7112
7140 8549
384 108
3192 1411
7795 5361
1898 3024
1491 5648
1909 9823
4506 3907
1579 3474
8913 3004
7714 2346
499 8132
4777 3737
1907 7732
7176 9510
6730 4153
133 8940
6216 2264
9971 3439
8924 4590
2853 4508
6398 4082
1473 5948
4874 6250
7583 8565
5543 2919
8176 4621
7109 846
9036 5084
1382 6323
1795 7004
8515 564
4853 3600
7999 7695
6718 5790
6792 5617
7481 7706
8297 8332
9973 753
4893 3685
6373 9631
6927 4343
7616 8109
4429 3287
2745 7962
1914 8389
5706 181
274 8139
6841 6740
3896 1397
3501 9605
3164 4958
8921 254
8408 9779
7766 6050
5737 6309
3584 3475
4891 1201
5127 9599
1229 4916
2149 2009
8100 4605
1967 9604
5804 3635
7797 9278
4344 703
1843 4455
1578 5240
810 3276
7951 8201
5977 1348
3282 7073
6340 5111
9200 4215
2423 5446
3355 2376
372 5515
9448 7759
1160 8478
9492 4911
1915 4032
2723 2208
6 2248
3593 6595
1855 7352
4481 740
6304 8875
8986 1003
4151 2333
9234 9711
2550 5495
9931 5384
3401 3877
170 3231
4167 6326
430 1476
8562 7776
1997 8908
6793 205
1482 2565
4093 9782
8835 103
3057 1178
2823 2456
6922 3466
229 2492
2614 5221
3551 6152
9593 379
6973 4225
9858 5344
3262 3958
4860 3024
6570 8679
8672 7689
1251 5728
6520 5225
7337 5045
7470 1749
9132 8684
9475 9411
4444 8018
6028 6164
9677 5931
3831 8433
1959 3706
4203 2321
4505 6216
2861 3845
9421 6613
9887 225
2103 8792
515 6823
5431 229
605 3760
9934 3178
3174 6154
2301 5829
5133 3769
824 4150
4264 3451
7162 5804
8760 7949
4658 847
7578 2355
4331 3162
1290 5608
8922 5411
5234 8802
9408 2680
6641 1696
4815 2503
4871 5108
2218 6042
7099 3383
7253 77
5455 1581
4203 7453
9772 4406
1326 6511
7703 1118
4328 8026
4997 4498
6752 9155
3035 511
3209 3171
1229 7577
4629 327
8504 8500
9351 2499
92 8259
6102 3555
2353 907
9229 4896
8394 6563
3535 6764
839 3402
5224 3498
1284 2980
862 8572
2975 8290
7782 9739
5655 9134
4 3997
6720 5424
8570 7110
3 7600
7969 2733
6081 9385
1206 6905
1544 9813
715 1657
9663 7578
7134 6253
1435 4321
1639 7700
3412 1472
6459 6930
6866 4339
1774 5486
1489 9163
9029 3670
9331 6482
41 3567
9732 778
776 2876
2105 8706
1925 842
9762 2084
4864 5767
6350 5278
9664 893
4558 9867
5596 8142
738 3421
5289 1357
2047 8825
1230 5575
4754 9598
1267 5500
446 979
1784 6558
6929 1261
7986 7557
8533 5467
8848 3196
6642 4430
8187 2987
128 9975
7708 9090
2970 9935
8648 3455
5487 2381
3782 6541
4130 6744
4082 9737
4194 3145
8650 3025
5267 5147
6565 7884
219 6050
4147 1344
3897 6821
5918 2964
1663 794
2448 8962
1328 8381
912 9432
1828 2940
9012 9932
7609 4018
3578 8282
2388 9694
9233 6699
2981 239
162 771
1065 7631
9052 1319
9784 9688
861 1994
990 6583
1020 7299
7399 1820
8963 6828
5523 2907
7451 1913
4650 4066
4175 9218
2953 3943
8962 2479
4602 462
6109 5216
7090 2900
8097 6886
8211 1915
9738 5937
3602 8290
3972 2071
6995 8735
1639 6990
496 1372
2926 5910
8665 9196
1974 4518
4165 6840
3154 6289
2934 5659
1355 3605
5499 1142
2916 7136
3439 800
4139 7631
174 4638
6891 5380
5480 8139
6847 2419
5134 8324
7362 2793
8522 7315
5426 5978
2011 3333
3426 3205
9213 2618
3726 9526
1543 8249
9274 2393
5838 1613
3059 3621
4407 4705
4071 7645
1738 8387
2560 430
6482 5047
1835 469
9552 619
8039 33
4911 1954
8537 400
9987 9904
9869 6329
3483 881
4646 4789
6309 2822
1222 9882
2656 2733
5482 7525
717 7883
8909 1188
8719 1209
3565 1086
353 9929
8586 8816
3719 9571
8490 4964
7132 9008
9657 4607
5706 8482
4798 1128
7401 6686
2985 896
830 7271
2665 8579
965 1384
6730 5577
6378 9902
7275 5768
7456 3536
2397 5626
20 4764
8472 9383
2012 255
1752 7743
73 4032
5380 2310
8620 4585
1887 5148
5781 3491
7927 4344
8982 7246
5579 8384
1974 7738
1802 2488
6609 7108
9222 5700
4317 960
1608 4460
4535 6912
4813 3659
3532 2526
8877 3156
6564 3372
6860 9394
7608 2405
6106 3817
5732 8383
7253 5918
5415 8176
9054 5936
3688 5530
5817 7746
8723 9957
5054 8135
8113 7575
4316 1928
1126 3730
1165 6084
3827 3498
309 3797
5515 6097
1396 763
2803 7009
2299 1639
1603 8150
3755 534
6937 1078
2392 1720
3325 5197
3149 940
1406 5001
4218 5210
3643 9951
3416 6140
9086 4648
140 9626
1875 1739
7690 1648
5191 5784
6753 2575
6156 2510
9188 5565
6824 6362
7449 73
6108 974
1210 5327
6914 4153
2329 3332
7824 7144
3617 8927
4074 6793
151 4036
7140 3255
1280 8366
1972 3559
7147 1049
2982 2590
4543 8729
6409 909
8223 8890
5607 9498
8138 5
9874 3868
4192 9947
265 98
605 5297
8202 6865
3290 3896
2017 2841
4361 4856
6303 7666
9518 5305
8086 9064
5678 8302
1216 2368
9519 5198
7120 246
5198 2608
2240 4213
7952 9938
7657 4594
8784 9078
9137 9093
5159 5754
1439 4596
4426 1475
8714 2558
4797 8277
3455 2449
8310 2768
9489 8793
1932 6875
2587 8118
4445 6438
2513 6520
3151 3055
9653 7418
766 1427
5493 952
9588 9310
7553 4366
9991 5841
9866 398
4557 655
838 6141
970 4468
6544 5419
7386 2498
4045 1166
1546 2010
6873 9930
6048 5587
3600 6751
571 7402
3704 4542
9716 4455
5452 1817
4100 4135
2819 4487
5024 6571
7359 1680
4032 4493
4098 1691
4061 6378
6137 5250
1896 8896
4397 4382
2375 4629
2847 8773
2170 6337
9856 1820
6684 8042
6163 6714
2149 6298
298 1804
9564 5599
9260 9134
9450 6878
9097 8204
2410 9877
452 9206
8316 5212
8175 9177
6760 1319
1381 7344
5888 4555
6384 2550
5727 1514
9547 8502
6797 1549
3233 8385
3076 5341
6548 9019
9277 5933
2938 3891
1380 5336
4322 5181
394 1859
5924 1502
1336 7486
279 2483
833 2700
4796 5983
4337 5692
5399 7247
3426 5108
9837 299
9453 7641
5753 3675
1245 9342
6665 7715
4783 6166
8742 3005
7989 887
1905 4306
1834 3165
6840 2180
1793 9064
5975 9035
6886 7108
2700 9786
3622 8883
4067 4621
2714 7401
7248 3009
4061 8739
5611 1424
3407 4132
4404 8904
9091 8494
8456 487
1235 2106
7293 7334
2035 3060
1911 3598
499 1621
5181 7227
2861 1598
8261 1420
4847 8399
7980 9699
2483 6193
3538 9647
9977 2806
4962 964
2902 3083
6015 2660
773 5318
8665 8268
1516 914
3247 3053
6442 9588
2335 5766
1629 58
3417 3163
6512 7263
1457 4163
1153 1805
3651 6451
5264 7263
5825 3395
8099 786
1800 7594
8502 7208
2337 8972
1936 696
2723 5212
1826 69
389 3454
7208 9849
7153 3246
6081 3630
4917 5479
2812 5322
867 4657
7992 4548
1831 5914
9838 7687
8057 7055
4394 9746
4872 7368
9779 3209
9975 3518
8700 1180
4132 7577
6083 1905
3091 2762
6263 5616
2921 9105
2567 7116
9060 3500
9542 9433
5976 7213
8538 4222
8836 2375
6515 2873
7955 9797
9161 4921
1279 6567
7934 5836
1536 7034
8770 6485
7793 1106
6229 5129
5444 7158
8296 1287
4300 5400
3389 2834
7143 832
9052 3452
9039 949
5639 6592
70 8695
4293 1228
4303 3995
7787 937
6396 8980
3625 313
4657 7403
512 2140
7655 9962
7105 8255
4685 1082
1921 9042
8649 8903
8904 9747
4828 941
7273 4700
5396 7186
3644 6470
6859 5280
6439 2761
6476 9532
7547 8561
2662 360
6923 7038
2569 8257
9815 4760
8061 5558
6358 205
497 6278
6098 9465
1713 9796
2125 6561
1874 1594
4658 3212
5255 7607
5446 5918
8037 615
8238 8914
4643 5421
9482 2755
3499 4927
6910 4423
5518 702
4865 2457
6100 2657
4110 6625
9409 8253
7640 9698
8243 8851
3691 6512
5703 5718
1741 284
203 9927
6308 5070
8798 3743
9553 5918
8436 88
4265 174
4406 5992
2821 1864
2582 8747
1855 6111
8960 7101
6077 5844
6475 7361
7578 9352
9919 3648
687 6905
6657 6113
3409 7867
7818 8721
2676 6020
8822 8528
3182 5363
1847 296
7766 2974
2970 3946
7322 6215
7585 5095
6496 2267
6143 4647
6645 9271
8243 9258
3777 3751
1900 5289
3739 5708
5723 9624
2920 776
7541 3082
5599 9689
1287 3713
9080 17
9140 4528
7939 4366
1194 2191
2342 3034
7699 3739
6638 6289
2487 663
1285 3162
2815 5475
9924 853
5156 1015
96 447
2134 4012
3617 2613
7785 6823
6112 562
5705 8771
5422 9366
2734 2186
7393 8262
8506 4703
5881 2858
9008 987
3089 9144
9391 1443
5810 6906
5083 1170
7201 8477
9101 1736
4200 9961
7280 1743
2801 6440
9372 6229
319 3173
9281 2555
151 7763
3449 3033
2044 3335
560 2187
8905 6339
8991 2060
2678 4735
5299 7918
8957 8134
4381 9091
7239 1658
3538 6124
6160 4405
5475 6651
4425 8366
8487 8038
1996 1860
867 347
1545 9130
9324 2730
1407 1567
9780 2644
7095 9721
4048 78
4234 3837
4794 2354
691 1581
4722 8018
431 3118
2671 9401
5729 5029
7412 1680
4722 6606
3069 3018
8582 1497
1416 7053
5945 1633
2161 2382
3816 6490
7046 7015
7676 247
6729 1911
2720 9605
1172 6390
3220 8119
358 755
9467 7102
8955 4893
911 9685
7707 8522
309 4583
8105 4279
3130 9101
9371 5949
8556 4040
1369 7564
5205 1447
8366 8871
7138 2134
2812 731
947 275
4252 1709
2523 7070
7842 9567
5430 844
9135 4175
8122 6120
4737 4253
4374 8935
4453 9382
7720 5638
6285 2482
8875 9778
5628 3206
2333 3748
8701 7142
3566 1415
84 4475
3940 3895
7036 7453
3548 312
4288 5485
7803 4736
4613 7298
5842 8514
9780 5422
9744 56
4358 5323
8161 3820
9784 4184
4436 2051
5277 6346
5915 2487
9123 8673
4315 9295
3709 1448
5587 6077
7584 4184
4810 5843
2458 474
753 9459
2140 1351
5159 6642
312 9678
6139 4264
8773 6800
8444 935
8623 3580
5485 9846
9100 8914
3060 7129
9161 5238
769 8462
1299 3988
2092 5910
5538 4730
1863 1886
6848 6438
1107 9833
9479 8348
1166 1516
2072 6980
2633 437
6247 9471
6008 8537
8724 196
899 3017
3829 7419
4202 8976
4974 628
6693 5307
611 7733
6889 7766
9060 8911
918 2223
5639 7132
9789 4953
3748 887
1055 2560
6537 3735
4769 4643
430 5753
1180 5315
8131 9497
5632 6326
3925 5966
5225 5080
3231 2063
2345 2256
5997 7254
2613 9658
9388 9599
1644 1222
7294 300
7442 7212
7849 8105
187 4761
1183 1655
9122 2667
4632 5687
6761 8726
5851 3668
9083 7696
4652 6381
5741 8463
8255 8334
7060 8525
4138 4715
3568 405
4057 4808
5301 7629
7851 5592
9482 7935
570 1152
826 9142
632 86
9624 4993
5604 7083
6640 3479
6492 2083
4297 7608
6493 1485
2342 1548
8054 4515
3116 4058
9802 8304
6845 3463
6147 3576
5794 6729
9780 5897
5624 6070
311 3084
9634 4782
5478 4216
7068 2914
1237 9971
7551 8159
4507 486
8736 2011
3618 1916
4948 3835
1348 406
1630 3102
3637 1470
1736 6170
576 3142
1840 2417
3658 9613
4409 7599
8930 3949
195 1923
6858 6196
3797 7400
4975 3260
2471 5662
7731 3049
9196 7370
8508 5839
8620 1895
5974 6670
6863 6295
5971 747
6837 2666
5763 8380
6323 3657
9022 8431
1641 6544
9966 2791
4862 6694
9690 421
2924 106
1197 1615
9177 4891
7862 6975
9722 2436
1048 6971
5228 5395
6433 2764
2237 2293
4791 381
8948 9872
286 5890
6689 4347
391 4658
9311 2830
723 7875
4150 7282
5093 2353
2029 2020
9253 2442
3229 2523
2336 5737
2385 5923
5085 1884
5306 1830
1258 7317
7342 6743
3413 3130
3088 3370
632 1145
1291 1043
4299 1803
6055 3561
5709 7347
3167 2471
9533 7140
3193 9631
2754 1772
2484 2859
2907 8817
928 5682
449 3063
8471 7811
3512 1291
8122 3200
9444 6894
5910 730
8185 3361
2613 2805
4490 8746
6352 4248
9843 2785
466 2244
7074 8297
88 7566
1168 8526
6101 7643
5326 3159
8290 1623
106 5752
9890 3698
2193 1768
7556 3655
4622 5625
5394 5273
9249 8905
422 9261
5675 6340
748 7711
133 1220
5042 5874
3856 1638
8651 7655
6103 9114
724 9112
4480 4839
9342 8450
3442 6376
1226 2013
4065 2967
4818 2202
5908 5061
3396 7496
8712 3443
522 6002
3853 3679
5588 7048
2750 4479
376 8905
9486 851
607 7130
1470 6186
8400 5045
907 4932
1130 65
5284 8207
4971 7178
2345 6017
8638 7197
6734 5120
4593 947
9935 7185
2644 6183
6143 619
5213 3333
8233 9383
9465 8208
2119 8391
4125 8320
7056 1824
2443 6439
7211 309
3551 6831
4642 4305
4889 8786
6371 4224
5157 4532
5824 2795
694 2881
3030 9295
897 2079
250 9385
2421 2015
4559 3024
1801 5702
6661 4686
5854 3650
5403 9036
7843 8188
9093 7530
8216 1129
5672 6792
8826 6107
2002 7827
8764 650
9879 7103
7655 6219
1783 9294
3480 6683
219 2746
4056 9307
1054 5669
5017 9239
1992 3674
6075 3716
132 7071
3375 9670
5892 1354
5187 59
555 6253
6268 3416
2056 1151
7426 2318
9202 4136
6533 9944
143 7209
1613 5539
8335 6486
4351 5882
2965 6945
8315 9261
7797 565
4386 3390
9432 2363
9669 9209
6941 8396
2569 157
1467 1843
3911 7450
7585 7518
8256 7433
8398 7633
7373 5090
2172 5319
2308 5007
9062 7591
9110 7899
171 7967
4390 789
1595 5087
8884 5863
4926 6900
4120 190
3332 2527
5834 5397
6007 3761
381 6338
1948 8358
236 4093
7369 204
4060 3849
4688 4366
4258 7632
8873 1521
8494 2943
8494 9210
5684 4939
9184 9289
6267 8462
5656 7015
9151 7714
4343 1912
7633 5145
8558 4364
2382 3782
1322 8856
7068 1548
6103 7067
4721 8530
7909 2016
7662 991
2296 9312
3993 7447
7417 6929
4392 9602
2282 1262
9897 1509
3015 1652
8559 2496
4808 5639
8870 499
9539 4047
8647 1390
6686 2498
3864 179
5426 703
1947 9882
8283 6884
7942 4289
1084 2205
7954 2926
4063 6442
317 1970
7882 7435
3787 5804
5789 4938
4473 9607
4344 8118
2898 193
3114 5575
8058 345
8835 4803
4760 67
875 7340
5248 6636
236 6835
6574 5381
8330 5357
7647 5374
4564 7360
7305 1552
4786 2267
3643 2454
9405 7632
447 9385
6158 8334
7084 1239
2974 3263
4729 48
9725 3962
8539 7692
7791 7318
5375 6140
8112 3901
4291 5899
2248 2024
8814 8177
9354 9228
5008 6437
8390 7169
1204 523
6734 7467
8723 3345
9606 9751
3058 8754
9349 2388
5515 5510
2488 1643
2361 8438
8837 1260
524 9151
6236 9878
733 5235
9146 4563
9948 7974
4855 1374
53 2363
8464 2594
9617 3212
3743 1184
2120 8656
4246 2028
7059 6236
2234 8549
2352 6585
8428 2463
4256 8797
6195 5391
1946 6905
7301 5906
162 478
1797 8970
7188 8861
3718 2246
8442 3386
4957 2797
6030 1532
3908 9783
9593 5844
9659 744
3897 7511
3001 1434
1425 6137
4097 4534
4314 9896
4656 5566
5799 6178
5138 5850
583 5076
9700 1277
9812 8081
6324 515
4088 6731
7908 697
6319 6624
9118 1625
5319 8436
1489 5569
628 2791
2458 1311
3088 2163
1038 5099
3391 1045
7699 5665
385 8469
6255 7993
1553 7331
5656 3381
3626 8448
7226 87
5418 4998
9431 8652
8462 3541
328 7176
3916 1852
9426 2559
1168 5088
324 4973
5294 875
877 7604
1798 8228
4650 832
4486 662
7197 6120
185 1968
7417 722
7133 6922
4426 8467
627 9582
6257 3603
3711 266
653 3657
8079 2817
7173 2904
7992 4120
6674 8021
1659 2564
794 6516
2743 4525
8183 1758
1688 4207
3558 5953
2398 8942
9338 1252
6776 4035
6353 710
9407 2391
2479 5346
79 6826
5638 8224
144 9521
7575 3035
3491 7818
8482 1530
3064 3837
7754 734
1708 9697
5140 6247
9407 631
1245 8835
1955 1367
1707 6788
1041 7606
140 7805
1350 1425
3099 6809
9499 5896
7585 248
3682 9993
7079 7654
2876 120
2618 5465
2263 1817
8280 8840
7141 1722
3590 2851
9384 9135
8340 7123
2649 859
2696 2190
9960 5287
9719 5558
4013 1331
3810 9680
4125 8103
173 2700
4392 9972
7643 9654
7471 8395
8693 1623
2372 7913
1097 4776
2281 4783
9871 6293
4570 8090
5687 4842
1255 5699
8766 5677
3721 7221
9344 3015
2454 5477
4199 9904
6800 5667
6033 9398
9431 2685
7520 5802
3615 9498
9722 8839
9612 6042
8369 4639
2618 6599
637 4484
3337 2599
7733 3744
6821 9009
6557 8274
1459 6410
8730 3334
6232 2443
784 8095
4148 2353
2380 2659
9387 3248
6989 9507
9332 2037
1549 9894
9835 6519
4862 1153
6305 9800
6800 2405
5555 9902
9935 4692
5144 9000
7801 6545
4643 6975
3020 6804
505 2908
462 4503
7996 9008
8183 8209
838 5155
2616 4732
4306 9932
6367 7172
5348 6010
9986 8846
3608 445
2969 1266
8551 4276
3848 4551
7543 4420
2426 3930
7514 3601
4953 6203
7174 5772
8458 3684
8565 5513
9286 1254
1314 1228
930 801
5028 3968
7984 5728
9656 1091
6350 7135
4246 9633
2556 8091
3206 172
5500 3892
27 1541
9858 2657
9709 1657
4459 6160
6677 9835
8970 3272
6961 4970
508 5581
2695 7503
8397 3423
7014 3205
2116 4944
4312 6789
8553 272
8981 7612
6039 8759
7313 44
4637 510
676 2412
4558 6106
5850 6573
440 9174
7073 7834
306 3291
4976 2234
4014 1999
2968 2358
1790 9560
898 9457
9314 5643
23 4089
8720 8998
6447 601
9805 2150
801 7464
8599 325
4665 2610
5429 7059
5815 5232
9862 4240
2580 4198
8358 996
4320 1706
5887 8827
1335 2844
8972 560
4178 2886
5849 6117
7625 977
7894 3004
6822 5457
8026 8166
1333 9038
1044 9637
4999 7537
7277 1423
758 9287
6698 7874
5331 3189
4717 9806
8155 3800
3978 6116
1992 7207
7351 9961
7939 5976
4429 3958
3399 1787
4700 9664
3682 5815
5899 3151
8501 4639
3932 4589
9962 7089
7853 2492
2692 699
3371 9620
1922 6314
2321 4121
4766 4480
6495 5189
8962 1633
7094 7879
266 7514
95 3671
5828 1711
2459 1476
5620 7280
7749 8173
1220 3655
644 1208
4777 3648
589 8274
6129 8741
8245 4708
5848 3749
2499 4174
3609 7489
7492 8562
9969 2979
360 3456
6752 3275
410 8970
3193 9543
2366 1027
5481 6910
3842 3352
6164 745
1815 1483
7738 9886
1337 3464
9961 7851
3609 6375
1404 9579
2044 8381
4513 5496
4588 3230
969 4494
5292 3763
2056 6232
6729 4483
5660 9097
5228 3682
3610 9704
8140 5475
8852 4121
1249 6411
4022 6916
7731 7780
4784 7045
1953 9162
2590 9999
4349 5670
2995 9117
1796 756
5909 4247
9660 1395
4545 109
6038 7208
943 1635
2834 9103
6720 6297
5842 4640
9636 9366
5431 9530
7576 8385
5831 6366
9356 5515
7393 491
5667 3676
6935 4241
1827 4120
8489 1620
1885 558
9107 9055
7286 1357
7532 2386
8532 6515
5775 3962
596 5044
615 252
4392 4163
8692 4734
447 1888
9770 4833
5900 4926
2328 3742
3176 272
8070 4844
5314 1135
3223 4939
9621 6042
9662 9793
8195 5755
5357 2463
3965 3266
7913 5823
1252 3952
3593 5340
9354 5986
3197 1997
6194 7176
956 431
3222 5889
3045 1726
8838 5493
5767 6672
5966 3439
5756 2527
1537 1236
6192 5761
1682 8420
5168 6358
1841 3244
7901 4125
5522 4502
1663 226
3449 9438
3974 2296
8450 1937
9548 495
1373 8340
7911 6402
4662 9358
4362 7441
5266 2643
9787 1126
5622 2239
8975 4277
4866 1899
9362 6420
5803 1646
7731 7013
5414 9763
6459 3405
2575 4563
30 3762
137 2591
1754 2357
2513 4621
1068 9545
9883 9964
4723 1056
494 917
8860 7969
3403 5392
2332 1063
5560 6272
3756 2633
3628 3868
510 3809
6611 2859
4126 2540
7888 9035
6372 3197
9026 5982
5014 7374
4463 3010
6555 308
5710 9852
970 3565
3585 4768
3824 5097
2447 9295
5376 5554
1983 1069
7412 8954
6928 5965
3346 6832
2982 2220
2155 1166
8574 2743
221 9361
2691 9978
4855 9686
9561 9575
4060 7854
4327 5742
4161 2654
3346 8655
5313 4245
8260 1673
545 4314
315 6062
973 5314
6109 9925
5936 7627
5945 2875
4755 1192
5353 6616
9469 5850
6021 2010
5816 2135
993 6640
292 8889
4806 9172
6885 8277
2221 2629
5720 3191
8663 5168
7683 647
7163 5083
7945 3626
3463 6591
9309 9575
8551 9023
6606 1795
2084 1577
8753 1548
5507 7111
1821 4447
542 9122
9583 2999
2096 6517
2269 9603
8202 6889
1304 2930
9587 1282
5082 8237
3260 373
8079 6161
257 3540
1329 9447
2203 1208
1995 7362
4050 4058
7935 4165
8528 5230
8819 8094
9377 4076
5077 3
2694 5740
5119 3383
4041 8141
6007 6665
6651 9395
5533 4250
7049 1899
7287 6697
1501 3084
3450 6492
3905 4555
4222 1709
1630 7082
5172 3359
1186 8447
6548 2667
5776 3997
3966 2523
4962 1905
5266 3298
425 7563
8060 2807
2037 9943
967 7500
5136 4407
8802 3855
2484 575
9567 220
7837 92
3080 9181
7321 7410
8573 1311
3740 2608
7928 4914
9137 2386
1938 3565
234 5139
2574 3387
8360 1613
2243 8054
7382 4255
8199 3966
9152 3545
3878 774
385 8695
9154 4364
9322 3688
788 5699
8142 442
6529 2063
2714 4179
9193 3580
3730 334
3528 2490
4694 8257
4031 9929
8628 7223
5165 2542
3688 4094
5766 4143
5710 5391
7238 3121
3399 9606
719 4459
8169 2189
2413 1894
1985 585
9195 2115
1493 3888
4175 6825
8356 7798
8256 6330
4926 4499
6856 7345
2144 4594
2948 5787
2935 6376
8376 3999
1750 8047
4671 4890
9059 6495
7280 6363
5307 9096
8109 9544
3366 2222
8117 2236
2981 6529
8201 4494
8968 7271
1132 1742
6636 5001
835 9550
497 3959
2236 6090
5834 1417
522 9702
8510 4371
14 3763
6091 8643
8194 5454
1642 2618
4992 3653
6509 4277
4351 5799
4565 6616
381 326
3473 5958
7368 6475
2416 4622
6150 5415
8983 3125
436 6018
5502 2557
9899 1186
1525 3951
7311 4057
3173 1578
2914 2362
1169 5975
5798 6490
1738 7480
2159 1728
498 8973
6982 5976
8872 6579
6426 6826
6514 8154
8992 2257
3465 2577
6492 8715
8718 2464
8216 5692
1162 609
1409 1583
3635 8363
6081 3402
3291 8333
6582 5245
3843 6436
7298 4823
6556 8505
4572 1365
7742 6954
6787 2824
9489 3795
7283 9314
2793 8377
2560 5996
8591 7891
975 1255
1786 8501
4468 3949
8604 3018
2422 5731
8488 1533
223 7550
2386 6820
2272 9278
2927 314
2145 2428
4251 2168
8501 6923
5370 1135
5628 8462
1318 6564
1506 5478
4327 9304
8148 5702
544 163
3475 5829
8918 1661
4962 1967
2396 2264
8442 9417
2937 8381
1004 3615
2571 3938
6278 2827
6629 8325
8351 6548
8228 7944
860 8465
5263 3241
4325 7400
541 4668
4578 5512
1952 9847
2734 3391
2239 4202
6798 8761
5601 8889
2219 9478
5493 2327
6490 1174
9647 5616
5725 4595
1181 9476
4995 7611
2055 6699
5114 4153
2309 7817
1669 2751
8730 6960
7864 3986
9214 3276
7520 3746
442 4127
4672 9573
3133 6330
6854 63
6555 7572
6972 8287
932 5850
5674 3193
4147 2387
456 8651
8205 2991
1249 8655
3337 4636
5172 2572
8607 1796
7412 5481
5385 6054
1567 1824
1622 1695
268 6378
2253 6453
4669 5676
4751 2160
420 8014
7893 773
3010 2932
2472 944
6843 6443
1648 5470
1973 1441
7908 5173
6046 4881
4544 9456
9373 6826
3653 7658
6897 3356
5610 8118
5895 4238
1888 8329
5719 5438
7267 7669
4589 6966
636 8930
8373 8663
7507 6507
9903 6341
3586 2035
8643 3455
2709 9474
4750 7193
7710 3024
1962 1080
8085 6988
4907 249
7916 8409
5974 2910
7440 2614
108 6038
7803 5608
4900 3528
199 935
2295 2524
4797 9986
3045 4134
9835 2591
2485 6592
2532 4483
4153 4178
7138 4330
544 6897
4214 1028
9365 5489
6720 4349
3076 7784
8394 2630
3101 5969
6542 4149
7857 5849
5048 1670
729 4922
5879 9404
7894 5586
4989 6041
9764 4335
709 7493
7991 2953
1860 2942
6759 6892
3256 1677
360 592
2077 9313
1682 519
9566 6826
1536 770
937 5795
4612 2592
4011 5325
7399 8116
4939 7029
957 2
2835 3409
7031 7351
7832 2924
7522 9602
5626 475
381 1666
1255 3035
5321 5261
6523 1674
4521 5257
7762 6574
1832 1083
2973 8469
3561 315
7155 8523
826 800
4927 2914
1010 797
5623 385
7433 7767
4429 8795
5047 3874
8286 3546
6292 6663
647 840
9663 852
5992 8938
3338 3600
7121 5609
194 8889
4696 5647
701 5724
2653 411
8636 592
4645 4464
8096 3072
3282 8112
5241 2131
9652 9472
7385 1018
4152 4985
4966 4933
9070 7707
1151 1986
8313 589
7334 7379
9472 6389
6012 5787
3073 4224
5690 469
4853 1503
2107 1376
7183 4559
1687 1275
942 9683
2634 2169
4017 1376
2628 7297
5722 8885
1481 4517
7131 8229
6280 7517
9661 5490
2633 4240
1024 4183
9424 4702
3821 7442
3230 3276
6631 5356
5030 9948
2303 6726
157 1257
8071 1763
9786 5436
1838 9500
8366 5438
3482 7044
861 7387
5140 2952
2730 8527
2109 5298
3009 8192
783 3195
7053 8263
9102 5098
218 8684
1053 9710
5509 1933
2108 211
4703 4810
383 4036
8560 1968
4523 974
3352 2113
841 333
2849 9693
1293 6918
5249 4335
7856 7663
2876 2677
9001 3854
8342 6573
7594 205
7269 3001
3654 1543
3829 8895
8305 6706
7765 480
2912 5465
270 8515
1632 8132
1508 9997
4450 9734
1413 9806
803 8307
3375 5851
1434 7692
3726 3204
9307 7593
9379 2882
6761 8913
6192 6927
1336 7609
7295 7185
4271 3495
5395 3236
8780 833
9974 4339
7410 5559
3793 7139
6030 5706
8330 3692
6103 5479
232 3781
452 3780
3938 5147
2503 2934
309 3998
5799 7437
6676 8
2139 1372
4682 9434
8882 2232
1595 8004
1472 2253
552 6097
6435 3800
2353 1405
2436 7428
3749 9252
2872 8180
5349 5881
7814 2522
2183 2751
9379 658
8439 375
2265 9886
9223 6807
4374 6526
8918 1859
2897 3179
1855 3659
6887 8705
8568 817
3892 6135
6619 9877
5421 9484
5746 9407
7305 6464
9483 9064
6880 1708
2363 6069
1564 7103
2799 4913
156 629
7469 7653
4280 3702
6729 2807
6798 6041
3588 6029
7034 1123
1886 972
4053 6752
9996 8545
2485 8605
6677 1083
7778 1551
4886 3299
2760 3827
9365 6986
2616 3203
6499 8749
1657 3970
2747 39
7036 7524
6551 6372
2733 605
417 4797
5365 4469
5639 1348
7612 3620
6472 8861
7820 7247
3227 5128
177 2463
9598 2455
6653 5723
7212 144
9976 6978
3864 3328
8276 3495
406 394
9166 2969
3273 7451
7969 6093
4167 731
6596 7354
328 1683
6068 1
2925 53
2028 1239
5614 9148
4288 5793
5260 8513
5114 4683
4469 5287
8283 245
1845 4452
3443 2778
2346 3548
8252 7934
1824 5867
6528 5987
9866 5983
4220 808
1042 6128
1148 6431
4744 1485
9253 8857
3543 8708
7905 5745
2661 1358
6165 2081
1593 8677
3263 2037
22 5202
3035 5162
8102 7415
4965 1522
3698 5686
312 9176
9933 1468
1285 7242
545 4590
6944 1208
913 3118
2964 4151
9741 4858
7318 6690
9700 8497
4230 429
7940 7731
8498 3559
1053 6404
2902 7053
9619 5708
6718 7557
3170 2174
3724 7741
156 867
356 2336
4958 994
2212 290
9745 2703
5345 505
7675 1645
5709 7176
3814 4257
4117 3400
9353 5061
6215 1045
5058 1525
8736 2499
1093 8537
5811 1452
8894 9791
4902 6695
9746 773
7671 5605
6131 5152
3724 7387
9139 8012
6663 2808
9248 5265
168 4610
3886 5886
2540 7761
6530 3796
5732 1511
6618 2178
640 5706
4842 6392
9338 8576
4001 6826
5440 9830
410 1651
921 7437
14 6883
9096 3505
6567 1527
7534 5815
7968 8084
4986 339
7224 3519
156 1235
8917 1467
1463 9596
5141 2128
4628 9919
7887 9205
3395 5319
6024 9867
5133 4385
8322 8773
7141 4408
9199 5623
140 9133
6147 4122
3988 1904
3719 4121
8988 6749
6538 715
7258 2629
9698 6349
7976 7592
2928 6059
1973 3964
529 4475
8011 557
7025 3703
9968 8193
8507 5077
3334 3574
4347 3524
9518 9211
2596 437
8730 4872
5437 9396
7503 5098
2822 2721
8441 2783
7832 2559
6776 3098
1275 6313
3417 276
7297 2316
4816 8976
5935 6789
8544 5000
3180 4215
2509 6201
3474 2744
4440 7784
5762 5146
5386 9151
4164 5425
7724 4329
4747 870
5219 325
7479 2215
5161 7322
4148 9784
8550 664
4304 7546
7534 6454
5306 6502
3795 1038
7350 6855
571 1473
1661 4913
9405 6168
7585 6674
8069 9688
3182 1907
2279 9105
8651 5354
5312 2595
9648 2560
1111 2398
2658 5962
1043 580
2314 8134
8630 8461
5955 8324
1383 1783
7010 7294
590 2136
144 3046
7912 7026
707 2730
4762 4209
2923 598
7714 2180
8376 3319
9256 9253
8376 7655
9860 9719
9294 6714
4250 1035
62 4484
9376 2591
6181 197
8096 6500
4678 5042
6536 6826
5103 1264
4799 2522
9962 7791
9490 9263
9775 7938
6765 5698
1079 1047
1093 6193
5291 359
8417 8540
4219 715
3433 8876
2362 2392
3255 4543
9543 3561
9306 4612
2214 6521
8074 879
157 5465
341 6458
6267 5124
1304 9593
146 860
7817 2984
6037 6656
3729 8019
7725 4413
2151 2737
3750 6878
8232 6894
1126 6897
7186 5908
9837 6279
3183 1142
5671 2472
9952 3864
8255 4433
1407 6238
3086 9531
5814 4719
7969 6217
1133 5621
4744 7790
5118 9844
9995 7992
2310 9733
2711 1005
6020 5951
2854 7440
7603 3248
4125 2752
4948 6461
8542 4366
3749 9444
4814 4568
9902 5274
7233 9943
7322 8150
9841 9313
3026 1528
6526 3180
85 3192
5039 5824
2804 7047
4279 8424
1017 9972
5906 8965
328 1965
6350 9534
3246 4287
1431 3687
5606 8525
4571 3709
2283 7353
7932 332
1143 962
6419 9326
7161 6682
2402 1104
6309 818
6722 1538
6198 596
587 3850
1375 8829
3570 8038
5215 5253
8556 6028
9602 3820
3425 9472
8964 4867
8028 8450
6208 4980
15 8320
7879 655
4083 159
3756 7955
9772 9154
1020 9941
491 6677
2748 7407
9550 2505
1418 520
9570 1147
6309 5548
6505 19
3913 8008
5862 7974
2098 804
7748 5449
5954 8941
3095 5971
6301 2862
8618 797
6017 2666
1607 2952
1716 457
8246 7563
758 9757
5709 3016
2325 127
1109 8506
7326 3515
4765 8061
9857 3125
4247 522
9854 8326
4849 2254
1644 8647
7758 1334
5897 2920
6243 7464
1259 7614
2958 3809
4788 7239
6064 167
1588 4395
7499 2458
5016 9441
5558 508
145 9610
7405 6425
2976 7087
5829 2533
6269 8754
5966 5489
6598 8323
2898 2346
4612 1090
8842 4558
8826 9419
3087 2603
6631 5059
4141 5254
5194 1341
4692 3605
869 6778
1544 5946
2075 8747
9497 8652
3859 3412
4445 9811
6318 5774
7064 6576
3333 8057
4894 4503
7883 7693
4351 6618
9617 4955
593 7619
9065 5669
4924 2813
1011 4278
1918 5887
9683 8559
1246 6343
5235 3791
4478 3791
1124 1470
186 4287
4096 3303
2766 2095
891 208
9812 7318
2984 7671
5369 5652
4344 5707
6129 3848
1389 8739
5057 415
5724 8735
603 5770
3521 1801
8279 7370
7244 2743
9420 1675
4298 8577
4110 6538
8815 5353
5329 4596
9998 8971
3339 6973
2587 3763
3240 9882
2439 6838
455 7211
5691 6526
706 3592
9072 9349
3787 5015
1723 7885
5681 7304
294 8681
290 397
2937 508
8042 3033
3160 4828
810 2595
7686 9554
8788 3047
7 6977
931 8281
9091 8225
7735 4599
6806 3367
6445 5243
1380 4019
6958 3721
9722 4133
6030 3979
3391 8828
6244 7127
4154 6125
7434 3257
4525 7548
3514 9922
8015 3034
8792 7085
1624 6956
8447 5802
4229 4771
2099 6585
7563 1197
9910 9764
104 6920
8134 9929
6917 7774
8275 5059
824 1858
1214 5956
6917 7797
5229 6865
1044 3060
5148 2330
4927 4626
1421 4564
1058 4126
6864 69
2725 6305
509 7820
3429 9302
6382 4186
1214 7430
1450 8593
7589 4543
6684 2359
3937 6672
4802 2966
6490 867
3377 8916
1930 248
1830 9194
353 6650
7304 7204
1972 9665
2713 9892
5125 3827
7610 2562
6765 567
3662 6100
3702 3992
2663 2694
5542 8258
7693 7319
9333 812
2925 0
6015 4434
3438 49
3941 4877
7455 8937
2798 5921
8187 513
3596 5444
207 2742
1609 1558
3122 1730
1295 3297
9411 8006
6582 8478
7201 390
1081 6401
5363 3633
9554 5539
9784 2971
4900 8890
1688 8361
6007 327
8666 1160
3213 363
8143 6490
8979 7031
8075 5934
6804 606
6308 6938
6455 2585
4082 9576
4025 3864
9143 8635
4357 8464
6120 2429
3376 7733
8073 8982
1425 1189
5447 1515
7053 5134
1775 4576
7905 6445
2892 7419
3944 2036
5406 7239
7149 9847
5173 8049
6970 484
1900 6803
4222 508
7699 507
5822 2050
2981 7559
2802 5839
8137 2239
7424 4352
4531 4622
9510 5101
2250 8479
4656 7670
789 6384
3274 5372
6622 7781
7088 601
2392 828
4913 2589
8125 2073
7569 8022
6192 3438
5725 8299
3234 4584
9098 9397
16 7064
6134 4362
5337 8908
8768 2472
9341 2330
500 2651
9776 7624
6078 27
3758 3019
4352 2100
1225 5803
2463 3347
8190 3407
9319 8570
1830 8810
7502 4049
5944 4977
3462 7274
9083 6951
9052 5566
1914 6088
4206 536
608 5566
3402 5422
4402 9731
3905 7496
7452 4900
426 6287
659 2110
9075 7283
9050 265
5026 9368
6609 7565
1945 1134
487 9780
8520 9020
1312 2670
1948 121
6513 7931
9094 3846
328 8489
4455 3563
3929 6506
8311 6877
2819 7968
4405 2904
834 1688
6056 8031
6765 9137
6515 2765
8895 1815
6759 1479
8787 8449
1555 2272
3000 1811
4727 4568
6852 1632
4390 306
789 6207
9754 9313
7314 8313
7329 7006
6929 349
5412 1704
1345 112
9369 41
9143 3652
1342 3873
4775 8516
4918 9666
7624 793
2065 231
2714 7244
5219 6993
7507 9481
2774 1919
5588 6380
6827 4809
1227 6810
4700 9641
2002 7983
2797 2215
2900 4111
8145 1872
5312 8827
1065 2306
2998 2979
6215 9207
6270 4850
8145 747
7416 9050
1793 2059
2814 4813
7848 2012
7493 4197
1235 6661
4883 5713
3206 3931
7210 3020
4036 3111
8098 107
337 2821
5285 1475
2959 2844
4084 1909
9092 2197
5735 1063
8461 4857
7714 7376
2459 8668
5955 5184
6524 6000
9015 218
4485 3432
6652 5231
363 2106
8961 1943
545 2671
4346 5294
3963 2138
7136 6026
9408 4594
8613 6245
3951 5102
1125 2587
5657 284
9880 7856
9212 9791
4036 7215
5023 5411
5535 5371
4217 9949
546 3236
8829 8947
8552 2729
3728 6469
7414 788
8538 7415
1094 806
5722 6605
1211 8383
484 2322
313 7402
6758 4276
2044 3571
8793 3455
2630 9366
499 6148
2343 133
6441 9382
2196 3366
3345 2
7786 3543
1429 6136
8796 5983
6564 4746
2825 5890
7938 4623
4441 6672
5104 2789
8117 490
3719 3489
7014 2914
1757 1732
245 1135
986 1596
7442 7050
2340 147
3073 5048
742 7305
8654 851
4463 4585
1 5159
6055 8426
9292 8119
1660 8868
4818 6905
3051 589
914 517
1531 2607
1088 6165
642 7848
3589 6073
1099 5454
4397 4698
2847 1677
398 1192
2048 4990
9768 4595
6613 2229
9192 9874
8991 1607
6182 3828
3339 7478
3663 5921
7360 539
7533 7275
5032 3087
9809 7958
9371 5686
1091 337
6742 7240
2768 8801
3211 93
3683 6825
1026 7669
7598 631
3709 2209
5959 4190
4330 3825
3600 411
9057 8971
1710 6966
3469 261
7083 1479
3720 6607
6823 8242
4174 3824
5882 8737
4836 3115
1620 3789
65 6957
3525 8665
9578 2646
2360 6475
60 9922
5546 2519
3938 9171
969 2729
2567 2701
5495 1375
4565 8030
574 8497
7964 6775
9133 9726
3694 8459
464 7332
7495 2899
2463 5883
8665 3771
5309 1135
1878 1165
944 4633
6375 8520
9552 3673
6761 8236
6008 5489
3127 4677
6298 6081
3426 4930
1743 6954
7758 8881
588 7121
9302 7080
7296 739
5760 4578
7626 1615
9946 5973
615 6565
8900 8172
7097 3497
4407 6726
5027 6019
8899 7482
4736 998
7174 6708
6004 9099
3496 9169
1818 4201
8596 5923
5485 6979
2593 3633
7506 7343
335 862
7602 4126
332 4629
3878 829
4230 2030
3435 9527
539 7951
5797 4932
5244 5090
5999 3971
5696 3823
2480 6335
7044 8550
2713 3025
2753 9067
8843 5794
7750 1790
9926 8314
1812 6341
5581 6986
4505 3881
4645 2018
5667 6362
1195 8832
3190 3424
789 9335
6105 559
3584 2632
2923 758
3625 8255
739 5076
7304 8412
7637 3463
599 6796
5392 4914
352 1907
836 8650
8196 1833
3009 5854
1320 7966
106 6465
9417 1531
4600 390
5968 4551
2060 4454
4433 8850
2780 7120
1421 4657
1087 3038
1192 8711
3108 3231
9845 1165
6667 8135
3181 9486
1671 6704
590 8721
7307 3194
6736 1843
9986 8118
7987 7008
3499 8603
8276 670
8145 9971
6862 6262
1000 4742
1853 1776
4147 6417
7134 5739
5907 8306
7219 8854
74 146
9619 173
5406 4863
1181 5267
1560 3061
4524 7752
7244 1049
438 8855
3027 6226
6527 6911
2821 6868
7579 9996
2626 7834
7681 977
1247 5951
6203 9892
7422 2377
7881 2935
8885 6579
8645 3502
1265 4646
2785 6834
3076 5619
6317 6353
5881 495
7476 5775
1112 2396
806 3677
5909 6160
9057 3860
7987 2579
3240 6478
2118 9866
3062 7234
2710 5067
2891 3866
1999 2957
5749 706
2262 3630
314 5519
3558 6640
1922 5530
7063 7649
385 2760
6496 1957
9122 3911
36 5394
3775 9175
3672 1320
8204 1922
900 7259
5844 1482
2872 3086
652 2765
9526 7966
67 3111
5245 5400
5867 4229
886 6216
6881 1505
9863 863
1079 9711
6949 8112
3555 4195
6950 9895
1889 2716
6196 2358
6052 1169
7918 4430
5129 7575
1560 2502
3484 3068
8035 1291
3700 6243
7032 901
9657 8380
5741 1681
9814 8239
1130 4384
73 6341
2629 6779
1752 2307
2761 4609
5262 2484
5397 1215
3794 8018
6609 9515
6520 1617
2172 845
4081 2472
1472 2011
6638 5549
7367 9327
6050 1451
7143 9303
3205 1794
1881 8536
1844 8764
4439 6016
2358 2696
6915 551
4362 6004
2484 673
1068 4763
2523 9299
9894 6921
9221 1663
451 4247
9449 8910
719 3112
5649 3384
2970 6639
9013 6771
3339 3098
5922 7062
5281 6559
3466 7241
2325 1633
5653 1419
9115 2687
4198 1199
439 2537
9192 1844
9949 8128
6935 3024
9985 2857
395 7464
4604 3470
238 5199
4608 4178
8783 7256
8547 6734
1311 7881
2471 4972
7817 5294
2298 5583
4383 2295
4041 8829
3087 2960
7167 3435
8852 3707
5068 4979
3481 8187
4529 7396
8504 8095
1815 3750
289 6506
2399 3705
5718 6315
9892 6297
8147 3534
5148 1824
1163 8046
2078 632
9725 8837
9790 1483
1062 1249
9892 4441
5439 2645
9850 8229
3511 7097
2660 1517
3436 9023
265 7284
3587 4724
5952 2589
2071 8126
8198 9446
1134 2472
6011 5951
3398 9639
3389 2693
9615 1320
8125 3152
1826 6313
7005 6661
7919 3024
3210 4904
8005 764
5143 4915
6649 6070
2927 6139
4778 3923
6668 7253
3179 9161
4069 3877
9567 9227
1185 9278
2083 2595
8043 8875
4629 956
7582 3928
1443 7817
9775 9710
9182 340
6042 3321
9086 2183
7125 4824
4094 2321
9825 7361
8343 3429
3758 2654
4443 6901
1694 7592
3144 9991
1378 7102
4653 5137
3280 866
2776 8790
3862 976
6269 2525
8904 604
7476 5898
7158 9079
1609 9403
7817 2765
7623 3937
9324 527
9342 9001
7415 2792
832 1926
3510 4750
1548 6333
760 6806
2354 2189
3123 8388
6246 5224
5685 2622
4223 3427
2454 4188
5999 7542
121 6479
5852 48
4209 4843
8797 6778
4368 7746
1649 1558
4123 8446
3880 5652
8329 698
1061 7040
7146 2717
8363 3644
9796 9829
6149 8902
5977 92
2706 517
6741 9338
9869 8645
5763 4886
4378 9533
7950 3306
9853 7321
7317 6658
8597 633
9000 7344
6949 325
8287 9616
770 3323
5130 3795
3720 4679
19 282
2184 3982
3984 1009
2892 1158
1300 3909
4172 5781
3285 3779
3976 6629
3128 8175
3365 2417
7016 1534
8965 3263
4774 5280
4639 1306
6843 7837
7341 6522
8776 8091
3668 9314
1918 9801
8463 4631
874 300
7012 1576
3784 9171
7400 1581
2152 8888
2782 5456
4526 1622
8570 7970
1427 1346
6676 1596
2201 4631
3336 6308
8716 1250
3739 8360
8292 3911
8840 7594
3287 1597
9543 4151
4204 5325
8847 7829
8745 7762
1091 6313
6318 1133
2008 4419
7242 1657
2663 8743
363 2517
637 552
6548 1955
4191 2498
6838 5933
5787 9044
3409 4943
874 8137
9076 3668
9778 3698
5696 8272
9720 1233
2682 759
7891 6820
4240 2729
5851 9484
7747 5963
9871 5642
2146 2499
102 4357
7447 7872
4750 330
2603 5779
9233 6144
4820 7918
2517 1382
6399 9159
386 2796
1417 952
9774 2075
7767 2567
2740 3218
453 4717
1396 526
9339 998
1667 9269
1804 4004
7891 6623
584 3935
5966 8401
1826 3901
4460 3127
9451 1466
6660 8173
6061 8692
3230 5883
5236 3990
9127 9707
9574 895
1134 9880
8692 8094
8123 5845
1576 8829
1343 6710
5806 5255
3559 287
2783 6470
186 1240
7225 8541
8402 7289
5162 9311
9799 920
4555 6315
3527 3036
5434 5573
8066 1084
7327 6465
3681 8058
5840 990
1446 4133
5376 6013
4639 6207
2882 6829
596 5789
7547 6917
7360 4468
9541 3437
717 9030
9232 1673
5464 8904
3652 7778
1411 735
8993 5891
9 2791
5655 6877
2364 5824
5394 8295
6634 9605
5437 9526
5486 2490
2327 7317
1987 6209
2338 3585
484 5481
5752 4964
8430 9236
2152 7708
4871 372
6447 7479
7079 2545
2210 4653
9044 4793
5415 6521
381 2020
196 6341
316 2867
1855 3970
2478 8117
7188 5745
7247 9942
1397 4929
6638 7428
8924 8565
6912 8223
9739 753
7856 6316
7781 3505
4388 4790
5093 2918
6010 3698
5196 782
3714 8253
648 4863
6101 4180
8240 9791
451 7759
3404 611
9403 779
2609 3570
6355 1924
3051 4358
9591 1163
5666 1566
8926 1833
3055 7795
5624 528
6008 2053
115 3226
3559 3008
4381 4257
9113 2193
708 9722
3970 2591
953 7343
2093 776
2115 1719
2017 1513
720 9123
3760 7033
5654 7720
8089 1714
3240 4437
8413 3405
5844 9376
9647 3242
5161 8641
2884 5657
5990 6714
1177 5144
3405 3473
5140 9273
6486 9356
5955 9086
9776 6696
5329 5380
5618 6630
7031 330
2352 9971
8463 2668
1273 4850
7395 3680
2061 1512
8308 8364
3820 7315
5783 3042
2458 4040
2505 4154
4334 3688
6932 7770
2729 2382
8025 3428
9460 4775
6845 9484
6291 9870
2449 4325
7238 5044
5801 8119
3277 3481
6942 7438
5883 3129
8382 6578
9780 4278
161 8399
432 2909
9271 2224
4114 9496
2813 317
673 1264
5167 8510
9845 7788
487 7547
3070 970
6803 4034
8718 6553
3925 8355
9831 7057
9860 4059
6479 1471
2399 8924
0 3505
2130 8677
6572 1626
1937 7219
3053 5651
3153 9892
43 4447
5542 1187
9830 6056
5351 2469
6483 1819
5886 3999
9732 4573
3035 3346
4896 1113
2232 7668
5490 423
8983 4380
7836 9722
9640 6666
2428 2118
6103 6433
5351 4603
8770 2833
5026 2387
936 7045
5792 7812
6284 1542
5478 915
9353 7210
666 8294
784 6973
233 9363
5596 4394
8839 4522
5575 9670
8258 9515
725 4793
7823 4742
5710 6713
5366 7262
7577 6741
9386 5112
5044 2620
960 1142
3249 567
7697 9930
1274 9865
5626 9353
4900 4002
1137 6975
1777 4346
5730 8856
7471 5456
7 6162
6223 2959
7350 5421
1632 3338
484 2683
8330 4852
2967 9754
9670 6814
3290 9515
8346 3822
7065 6622
4003 2920
6284 2236
571 5036
9489 4912
6938 9196
1026 4211
552 3831
4005 3604
7232 5207
978 4928
976 5844
5199 9539
1166 1699
8055 2699
1045 9438
2346 516
813 8785
5470 710
3336 8334
3523 1608
1208 6318
9443 3727
78 8597
2296 9703
365 1296
4312 1292
2461 6766
9356 8213
1644 5224
4222 4462
1262 9743
9889 6129
4677 7024
8394 9025
1965 7862
1611 578
4670 1468
4225 8040
1620 3613
7491 9786
8827 9706
411 354
2947 3703
3233 6997
8883 2035
2259 5353
5706 1843
5649 9096
6513 3530
9700 1696
4829 8646
287 9060
9904 5801
717 4194
3471 4578
6442 6065
5278 1737
8942 5527
9223 8708
356 8741
73 6312
1416 4720
4285 1791
2687 5213
3076 4786
9121 5432
7325 5651
9777 816
9394 9178
6621 3363
6994 474
6880 1793
9946 4303
981 7007
6124 5911
1207 3531
5153 5834
4947 3959
2010 967
5775 6692
5186 7020
2820 3308
4096 9345
1798 172
2185 1618
2852 6780
9826 5079
2923 8045
6306 2418
9141 4510
7846 869
3295 8298
4127 3517
4648 5809
4614 3919
6772 6066
1983 1053
7633 1458
7723 9748
7346 7195
6487 4774
9926 404
6530 8287
3885 1081
3708 5318
7729 4375
2986 498
9983 4038
1239 7046
9257 2723
1332 9354
5988 4969
3599 9816
8268 1164
9089 7648
8504 7745
6290 9016
5592 1437
855 9716
123 649
5803 2782
5965 159
4876 7186
4637 3267
5004 7864
4764 2353
4921 2718
6193 5855
4454 625
5514 6174
2327 2537
5661 8451
5676 9599
4333 2764
6261 2811
7720 1569
1204 4158
8653 9481
9295 6072
8939 9670
4980 5559
9636 3742
856 6510
9792 6823
2264 9309
3886 1774
7921 5699
3461 1011
9978 2076
1769 5477
5471 6904
3850 2742
3721 1227
1542 8010
184 1226
6526 8929
4514 1480
69 8879
2693 9357
3237 6805
2137 7072
9340 6365
7554 4737
148 3191
2753 8694
7281 6731
8169 9631
3683 5658
3887 6472
2379 518
7322 3099
7145 4458
9290 3407
1924 9543
3910 2833
4596 9149
2861 4877
3593 7522
766 2313
9422 8322
9587 8494
7879 2867
9608 6372
8792 2227
9114 2489
4896 7312
4714 9342
2482 7956
912 142
100 2220
5085 2556
8368 8259
1801 7736
7816 2431
6186 8077
6502 8792
5030 2042
8546 8800
64 2059
8172 2100
2430 3155
249 8685
9995 7976
8987 275
6280 8236
9881 1951
1086 8803
4398 3003
223 6518
9981 5385
7146 4818
4946 5213
9052 4461
8275 9975
4260 696
8869 9313
3503 2282
1387 2849
82 142
361 9003
9303 7674
7608 5079
6430 2346
7554 346
1828 5194
8060 3444
1057 1581
4020 3221
1227 4844
831 5052
7176 1838
981 1134
4593 1328
2169 1887
8659 738
7168 1761
6639 9582
2499 3750
1456 2501
5280 5619
8876 4536
1466 9139
1412 8976
4128 3380
6198 2218
267 339
8882 3155
6865 3519
1497 955
8471 4028
9089 6761
7988 1623
2005 1259
4032 257
8569 5816
379 5978
6107 5973
7274 8523
7878 4304
3612 3055
7808 6940
5739 8607
211 6985
2957 4185
4009 2575
6874 156
6336 6359
1096 2979
4637 4982
8707 8427
7405 6151
2616 4963
9558 3652
352 4495
4684 753
2778 5161
879 4053
145 5877
7602 7573
253 1470
7734 911
613 9474
3493 5456
1586 3848
8075 1314
6014 6857
2895 8102
1899 6466
6815 3834
9905 2772
8857 8039
6607 5238
7990 2201
3475 5416
1472 3372
3764 2580
4469 335
9596 1171
20 7928
2532 5114
8515 9012
3799 9071
9427 9929
2040 8171
283 858
9104 5838
7570 902
7263 8922
8505 733
100 7949
9988 4352
7111 3022
3928 9380
2276 5235
9056 5106
5122 9869
906 6735
1873 2817
8846 5363
9875 8867
6479 9368
4785 3185
6410 5393
9998 8809
8011 1540
7000 2600
1087 870
5962 3664
9588 6321
1455 7509
1165 6132
3090 3189
834 2167
8673 8178
9140 1274
4831 2525
8333 8649
1992 4944
5686 9374
3327 8887
7298 5443
8772 1340
2600 242
7553 3583
334 8475
6547 9310
2432 1281
7734 6742
4160 1185
4409 4694
5080 1376
4801 4365
7179 512
474 6400
4137 2559
5303 6601
7153 5069
2618 5118
497 7575
6352 7693
2568 5141
4356 7634
2637 4252
9955 2757
1625 7136
1727 1075
6847 6874
9757 2871
3147 114
6842 484
6088 9018
5002 593
940 518
945 4434
7118 6203
4042 8416
3672 8035
9012 2628
9799 3914
1245 9301
6607 3817
151 7435
5196 1261
5319 3791
6195 5858
7868 4673
1414 2865
7404 3381
295 579
3242 1468
372 6833
5524 4826
7680 3482
9497 377
1843 2176
3320 3034
7863 2207
8979 2963
9075 3803
8530 3609
2837 1285
8500 9515
6376 5465
8897 2536
5766 1319
8971 6783
9126 9948
6530 4081
5014 4797
9958 2693
164 9552
4951 9624
3526 4551
3033 6926
8026 1785
2772 7834
1623 3342
3719 6277
1602 9478
2524 2078
9757 1991
7159 6639
521 8818
7384 4792
3613 5617
5856 2347
2207 3215
6624 8115
3854 3011
7788 2401
674 6027
1231 2404
6204 4401
2408 7860
2951 4412
9394 5212
6176 6550
3346 9346
769 6565
4601 9972
4936 4233
8313 848
5815 1793
7669 9183
9717 2154
2769 5232
5186 6916
9384 4381
8903 9843
7772 7884
5756 5375
1591 1860
4275 7896
6769 9642
577 4795
6875 7463
8669 4409
2407 6935
6369 7242
7707 5585
6174 5053
3386 9230
524 74
6290 3992
6478 1143
8949 592
2884 7923
6655 124
3658 434
6902 1995
5950 5462
2544 2518
6879 726
4734 1398
9216 3470
5157 3788
9084 4994
2109 384
2244 8064
7347 9609
3668 3585
1753 6789
5363 4220
2749 9015
4425 4536
8231 9227
3483 9579
5916 5286
8641 9587
7488 8014
8537 4736
2632 3203
9525 6333
1598 6234
47 5257
3277 1252
2460 1366
6139 1663
3054 6237
1751 5113
3076 8380
7208 5580
6572 9294
5205 7610
4121 9349
4659 6230
5280 3510
5881 1196
6763 9057
5279 735
1744 635
4229 4446
8332 4618
1040 3233
2473 1212
1135 8614
719 6164
8380 2290
711 8563
7421 9334
8298 2335
1898 4544
3160 9042
8666 7451
8916 4402
2726 7940
9804 1976
9167 4361
439 6399
5803 1616
2903 5899
1082 5186
7166 5572
2582 5843
509 9086
297 270
4024 1509
4986 2929
1973 9994
255 9650
8643 6869
9766 9277
2551 4213
2126 7483
417 9036
5472 6336
2365 6736
8619 2625
9910 6207
7133 7776
5813 2002
6701 1670
6615 9036
7381 5964
4508 1296
8974 6630
4635 1757
5155 5997
5236 4711
9303 983
9854 3122
7139 2564
6334 2445
6040 4264
7353 8105
786 2720
8720 3093
6077 7955
7771 3144
3537 8519
8881 5193
3641 9196
4498 1934
8338 3465
1991 7296
303 2321
8130 1287
7433 1
9151 4439
9059 8938
2204 5799
1643 7845
517 1977
5549 7816
6439 1339
609 5923
4471 5449
2965 3943
2603 7421
3766 1556
9669 9445
87 9133
7985 7326
2020 4203
9940 4946
1953 9594
7363 5164
2395 6084
5046 8340
1824 9352
1841 2059
3914 3047
5986 1396
4710 155
154 3133
4547 420
6082 9290
2518 5008
6047 5628
5307 7973
4863 354
8917 2110
8451 6764
534 1713
2807 392
9931 9993
3308 7132
1727 1381
3959 7726
928 8764
7523 6867
2654 5179
1889 2946
4463 2716
6496 9620
5791 6964
4839 2283
6869 8970
9518 5628
4017 6863
2445 4010
994 9502
6876 8081
1252 4210
9594 6827
9318 6270
6090 8146
5625 3165
5255 8019
3381 2391
5224 2139
678 8860
1342 97
2579 1520
122 8336
8111 9587
2139 463
3192 8716
4229 9726
1917 4385
5230 1583
5245 2486
5059 2719
4426 2927
2727 256
2781 8100
4299 2372
1683 3376
1320 5864
1380 613
4633 5722
7956 961
3670 1161
9875 6773
4620 6680
8079 3703
2808 9646
1641 3238
8722 1565
5221 2117
9238 2604
8315 1255
2461 1763
8202 3829
8442 1571
2908 5822
1025 5600
7589 1980
1106 8301
8277 559
4675 7954
2829 5832
8763 1819
5102 9732
6811 9200
9340 5267
1751 4845
8226 4180
2274 9325
4384 3167
5208 552
2879 1278
7428 7446
7380 8553
2034 7934
5267 8860
9423 7296
4603 5431
6108 2044
5279 1795
3538 3789
2709 7740
3663 5493
4439 383
7774 3205
2744 4401
7749 1289
4736 2793
4520 751
8072 875
8010 4466
7345 6978
6484 1639
4206 4473
3758 419
2226 6967
7019 1959
3588 517
2977 5225
9631 2540
5253 2480
7094 4560
7029 8140
7204 7955
6495 4399
1330 7127
4848 4748
2258 1588
2550 3387
8152 8274
4118 7013
3513 4420
1850 9074
7755 1153
7586 813
7900 7872
3595 8033
1070 207
9902 5251
9135 3856
5295 7003
3255 865
1173 6432
1227 390
2089 5406
5135 1557
9544 3303
7417 5534
3011 5155
9440 981
5142 2341
3186 2174
2213 4477
4213 259
1153 5635
1077 5093
3290 3798
5356 5309
5071 385
2784 7677
2802 1622
8935 5176
5303 6971
8581 7546
1162 6254
6854 9429
3807 4581
6567 3130
7717 9398
9054 9424
4596 736
6842 9396
3814 725
6581 3086
1570 8308
6277 3739
1539 7735
7970 844
4247 7174
2579 3850
3731 5942
8065 933
180 8001
5197 8632
8192 3
2109 9754
9483 7854
4625 3539
5686 2363
6596 5832
225 9006
5230 70
2513 6468
2246 6792
7853 7756
117 3732
4690 4143
9718 6264
1863 8525
5417 5196
4315 3429
6007 5652
4329 8065
7999 6869
3565 828
5407 3585
8017 2433
4830 1233
1249 3889
9638 1294
6269 800
9200 7803
7420 2429
3256 1859
8028 2333
2095 4218
6312 5410
798 3347
1475 4701
6584 6878
7969 3805
697 1323
9509 8066
2107 5232
4597 4851
8759 7938
9322 6376
5304 4755
2611 7605
1291 8153
1928 5764
1186 4679
7772 718
8296 170
3516 565
3760 8882
7333 2721
8806 1787
7042 3621
1991 8791
5554 9501
7388 793
2888 8151
5728 9233
9260 811
3363 2271
9631 4856
424 7206
7052 3836
3833 9118
6953 4767
5002 2198
1629 61
3307 9908
6300 4446
4182 4650
2253 8916
313 7527
5276 7776
7374 1959
3404 3026
7253 1481
6932 3627
2275 251
3770 4128
9155 643
8526 6397
7851 9484
1677 5876
6394 2571
6373 4337
6974 2014
8232 8971
9090 4320
3562 4329
5172 5451
4533 5278
7796 7482
860 1058
440 8314
2908 6639
9100 7837
4302 2549
6967 2714
3529 730
4234 1876
4388 5954
9041 7253
5001 6166
268 6839
4405 6164
295 1167
1516 2547
8676 8631
4634 7633
8747 9703
3044 2924
1288 7903
3213 8457
6354 3123
5972 3252
9708 7378
9211 3604
7252 1285
5874 7226
4585 4897
7650 5942
2538 5897
790 4134
8890 3940
3699 8941
8863 5398
3144 219
2297 6205
8752 7518
4784 491
4868 6949
1702 6298
5950 6573
4331 9089
4809 4042
7472 5874
756 9956
3555 2156
1349 6779
4889 3252
7914 4248
4185 8268
1594 9697
8629 125
9835 4376
8388 3702
8716 6098
5563 6352
1426 8463
9834 493
2993 1707
2274 7229
5888 6976
7780 6189
9183 8837
229 9068
1988 1063
1597 1755
3920 5762
1439 7377
5105 4107
6579 760
7536 6302
95 6679
1371 6144
1796 6621
6653 3648
7493 4263
7961 5871
7858 798
1334 9096
5362 80
1380 9389
223 4201
2621 7264
5243 1438
7350 2843
6769 1717
7444 5197
3847 3972
4956 1058
3583 3141
7219 6077
7692 3187
5348 2868
3297 8485
8464 6521
8581 1891
3487 8320
2771 7225
7572 4225
3918 9543
543 4364
1602 4706
5837 9460
629 7643
4570 3786
4109 5530
1878 3447
4763 4983
6948 2053
788 7652
6095 1931
753 7434
8072 2195
1036 5279
8555 2825
1611 6033
6864 4482
9577 3250
3213 2086
815 2079
1288 2860
562 3839
1769 257
3814 4565
7326 4565
2353 8177
3545 7090
2154 8345
4740 2873
4816 6431
9157 1435
5542 4624
9180 8817
9004 5609
73 8680
7273 8757
9114 6700
2612 9479
7058 5760
226 9793
1046 2104
9738 4639
5057 6547
7557 6979
6951 4280
641 2558
7526 3035
7236 7783
9864 6348
7229 8107
3285 1181
598 4625
4918 8990
4645 9752
9636 3255
4162 9440
479 3473
7460 9730
506 4993
8004 1965
4020 6578
7443 7118
4721 5022
359 4219
1287 6489
4960 4268
1045 6266
7353 4806
1725 822
6795 2502
9059 4042
715 9238
9165 5557
339 8159
7370 1153
2733 875
479 5452
3804 2341
7212 7287
9573 7936
1022 4634
3163 2400
6493 1873
8425 2521
421 2504
9271 4867
1523 9614
6688 4055
2293 7337
6970 2488
7796 2598
9412 9136
5309 9259
5902 342
1562 9451
578 937
7776 292
5984 748
3570 2185
2135 3326
8450 1447
4800 9588
9367 1207
7476 2742
5435 2799
1214 5827
7755 6148
3835 8769
8530 3857
574 2709
7727 7309
9408 1963
4610 4635
6261 7571
1398 6131
7609 2920
8680 8649
585 5150
5509 9479
3294 55
8642 3372
7987 4691
357 9200
6872 4306
6721 3555
3664 4150
4671 7489
2805 3466
4903 3332
4220 1497
7390 710
66 1164
1753 304
5669 9140
9216 6020
9263 1248
4206 2772
9645 3179
9605 2174
2751 4886
3198 5268
8072 4478
8110 2268
8900 8265
4532 7041
1593 6674
2527 6067
4598 2238
8476 3682
6073 8154
4108 3218
6493 1843
9780 6907
320 162
6303 1760
4594 5298
4414 8666
6969 9247
7872 1649
1554 7965
7868 8006
9874 6562
2523 2560
1882 8433
2163 6113
9785 7140
4797 8660
4443 3733
8808 7957
9087 8585
9943 1772
3063 2377
1829 8712
7784 1439
5625 6549
546 7657
8916 1609
2905 3341
359 6064
4129 8202
8194 2834
7768 7302
8455 4254
6974 5641
9021 5398
8384 1445
977 3846
9665 9409
3782 7842
3929 2737
3037 5595
8 2131
9104 3197
1043 4072
104 3368
1215 540
4478 3481
236 1428
5966 3525
9560 4372
3784 9313
9365 9067
8001 6561
6564 1291
6 9467
9184 9496
6784 3031
7992 1197
2915 4342
8708 9893
336 9467
7049 2813
8299 7306
823 1555
8007 7276
4911 4074
2316 7948
7922 5614
7339 5489
373 3246
8840 6776
5361 6427
1158 9294
9942 8411
8289 8839
1616 6442
8741 1294
4226 8430
3004 9881
7790 4054
1524 4727
3270 9934
5470 2137
5069 3393
3763 8827
7847 1100
8161 7326
4255 6843
8467 3635
5879 8786
527 7445
234 2714
73 7940
1758 7158
7557 4874
9477 6929
3978 3835
5714 8950
8754 5742
9736 6394
909 306
8142 7946
4293 4687
7599 3341
1628 4011
670 5430
5169 3989
8327 3977
4354 2721
6497 679
5931 8128
1375 7368
3389 8972
2134 7011
650 2013
3112 2429
2013 3227
2639 6844
1926 7776
7525 7750
8067 2537
6128 4235
6522 4809
4891 3947
194 6330
2095 9846
2882 6945
7458 9743
737 5084
1270 5772
2909 8795
929 3692
5623 3529
8492 9893
5803 7237
1509 8793
541 8337
9840 4788
4095 3222
4138 6549
6591 2642
5437 966
637 2479
4880 5498
3579 8273
7318 6643
9773 9660
119 7693
6351 9392
8811 6186
5974 1266
530 5386
8190 3128
2305 9334
7379 1904
504 8697
668 8446
6015 2701
5489 8288
7533 4558
4717 5551
9403 4700
7166 2804
1405 1186
8713 7301
2096 5054
5771 6731
8882 5885
9099 7841
1498 7012
5019 1115
1704 5373
9548 8528
3591 2940
2593 5638
3919 7677
3980 1017
5863 6077
8373 9655
9096 3537
5066 7211
7357 5622
1599 3380
4615 7430
2278 8465
7740 7092
9498 9435
6943 2196
8869 2799
5291 74
1618 4022
4681 3837
6813 7699
5057 8776
7654 2185
1404 3085
276 1479
8504 1526
4486 6864
5157 7593
3732 6443
4125 3831
4453 4932
6689 6514
10 1597
974 5865
599 3029
6350 7889
6914 1090
7322 2513
6708 750
541 6586
2380 9372
7108 1121
7923 9573
8162 5307
4778 995
6304 7636
9263 6010
3138 5179
447 6558
4260 8254
8757 8469
7459 1229
5696 7529
2520 222
4739 6985
8063 2604
5382 2510
5382 156
5834 6502
4816 5855
794 5182
1466 5949
6397 8224
9413 3540
7288 3446
210 3068
9407 2570
4508 4614
8492 8877
5086 6689
1112 1824
805 9736
9799 4946
240 6155
9409 4470
4741 6088
4938 7536
9517 5975
4018 4428
9583 2879
2040 3114
8522 8360
890 314
9356 1294
7576 8257
1136 3326
2679 6805
1124 8784
1825 9707
5816 8098
3113 4490
7811 8173
7692 11
2383 9845
6067 8992
8228 2850
1397 4558
7987 358
2186 2536
8360 5003
9242 5865
6611 7498
1811 1326
6912 4362
7417 926
4226 1460
1592 2070
7694 9087
1510 6229
3747 668
9364 9009
4472 4928
194 4213
6446 281
5602 3288
4693 4607
4036 4906
2058 681
3697 9533
4029 3145
5940 9598
320 309
1026 1615
428 7715
8458 498
7982 4672
6296 5107
1103 9101
6611 3699
4721 7238
2262 6797
1460 4560
8348 2055
7513 8351
3396 1399
9454 5201
6964 4927
3752 9355
8666 2279
3759 4989
5662 2533
7379 8820
4659 2763
732 6173
7788 9341
6991 9281
8443 445
8140 4721
7269 2645
1316 4239
2161 7088
504 3734
8399 9430
2317 9400
6021 8050
8012 4322
1172 3090
2470 7229
7546 2411
8116 5060
5921 7302
7836 7965
2821 2746
7680 5031
3394 6855
3616 9022
4459 1852
9231 3437
471 3142
9908 8160
3734 8342
3943 2389
6562 5166
9707 3871
385 3704
6683 2055
1126 9682
2093 3519
4567 1129
6099 2388
5145 2257
8272 4320
8727 8687
5719 7256
8338 5236
1967 9081
5650 7270
4948 5610
8187 5292
4807 8798
8027 7493
4869 616
8303 694
5956 1883
7765 8239
3578 2253
1837 9256
7688 3832
2600 3405
5620 1645
5138 9331
7572 6453
7277 8038
8966 5221
9763 4864
877 1469
7228 328
8549 7597
3600 5685
6311 4244
8564 1678
2633 4343
1921 8415
5101 1547
4451 5706
1049 1295
2733 1623
6183 3000
8841 2489
2850 3450
4429 7103
8561 8416
938 9380
6800 6345
3117 9300
1306 1839
3240 3227
2371 7637
6219 4203
9794 2620
2236 9833
9499 466
8294 8245
3722 4712
5581 4693
6556 5582
959 2157
4487 9085
1622 6108
2939 16
6491 2838
3744 1616
7924 7850
2542 9355
9726 8863
4363 1328
4054 2176
1518 9210
7760 5312
4275 6375
9787 9692
3320 4067
3916 9724
8212 1414
6406 486
6183 9750
6492 4399
4781 2570
5725 5822
8124 2429
4766 2704
3964 9803
2373 2097
2630 1723
9617 3741
2053 4233
1975 4659
6009 5695
5256 4291
171 1007
1246 308
1179 4128
5269 116
437 7538
6454 2765
8306 591
4607 3568
3018 9377
8206 6065
6983 2298
2828 4047
7092 8532
8278 3198
1477 4581
1767 8819
3536 6398
1506 7419
9209 656
7546 7097
7468 9180
7268 6570
8835 3718
6532 8262
6728 821
8005 9605
4164 8809
3333 379
5813 7769
3436 290
4478 4441
1933 7538
5320 2485
5092 3488
2678 3132
3168 8528
2183 3307
1450 4808
4981 8084
9027 9379
4522 4492
8621 3359
8690 7454
4575 3716
8955 1775
4476 8624
8777 2223
8893 9636
3142 8312
8475 2821
5750 5623
9305 4959
249 996
9869 4573
7866 3231
2063 7869
5605 3017
6058 8868
4549 8796
7664 2414
2490 3912
6347 7343
3353 5611
9053 9595
9486 9245
8905 6495
4733 8549
6602 4090
7814 2507
7057 91
5191 1978
5148 6408
7371 4833
2162 2104
4992 4807
9083 4622
4151 4809
124 2162
9316 8114
8544 9262
677 2661
8450 2578
2735 5162
4040 6868
9843 931
9833 7239
6144 8809
5774 263
6754 5672
502 7535
8457 9236
4388 4519
3876 1446
7635 5197
9212 7207
58 7358
6989 7111
5307 9553
1359 5530
5973 1841
4355 7649
553 6773
4217 465
2793 8158
7262 5361
9516 76
7842 5317
2287 4893
3399 7074
8790 6179
8934 7357
6464 8161
7484 5925
9623 7602
3026 7274
1414 6070
1178 1160
326 2697
4469 1380
5729 8738
8001 945
5528 9333
2272 3040
1872 5301
8932 2722
3302 7018
6486 7866
3028 3851
1382 3348
4715 7672
332 9213
9264 8758
2957 6781
4836 3815
329 2152
3611 7974
2865 2284
3965 6189
8567 4823
3067 7635
285 2233
2554 9508
639 5586
1019 8846
3341 8776
3739 166
6977 4598
2949 3206
4319 660
7558 8659
2137 9199
6905 7582
66 2086
592 1815
9786 4272
2804 3497
6616 4429
436 6391
1991 695
8969 6881
7991 804
5402 6962
4788 3611
1963 1480
6820 1009
7344 1713
7113 287
864 863
6166 9490
5397 8088
9838 6174
1839 6285
7785 5151
1368 2981
2832 1822
3426 2757
4583 7501
2429 1150
4074 4367
1045 243
5008 3655
2455 1253
2828 4763
6436 5773
3299 1604
4606 8533
4216 6741
6352 6019
8690 5494
7563 131
5903 6108
3850 1440
210 8374
823 2815
7495 9799
2486 7401
2599 219
3551 3074
2104 1543
2713 3658
6412 4946
8194 800
1385 8746
6411 3470
5577 7204
6032 597
5607 7668
8758 9942
9370 2565
1884 9961
8079 7381
9860 5326
8014 736
6779 4766
8703 872
8708 9821
4389 4958
8211 8606
5720 671
9476 9618
5313 3326
5788 6735
2574 8298
9656 4777
8453 5083
562 7104
8869 4863
2977 5030
8265 7835
5824 3291
8102 4768
183 3255
6867 7068
5317 5331
2024 8746
7808 8180
5694 615
9379 9717
6214 9282
1637 9520
3046 7391
1018 8200
495 1543
1571 9478
3962 1840
1217 415
8112 3957
1479 1998
5737 546
2493 723
1596 9470
2801 9815
3317 9892
2728 6555
2388 1792
1 2380
3682 7907
9483 4533
8479 6371
6557 3394
7271 1075
6035 2124
8227 8890
1321 8469
2347 2002
1535 8194
5305 8671
7004 5632
7065 9113
6607 4868
9068 9336
4481 1187
8060 1452
7014 1403
2122 9958
5427 7740
9091 2023
9673 6151
1521 3731
95 4065
3981 8864
6734 7235
1027 5521
2805 4386
2686 8842
6413 9238
6290 5151
3015 7577
7240 9437
498 8958
4883 4101
6296 8683
9186 3056
8952 660
4463 8900
990 8341
7796 9106
5806 3596
7965 2264
817 9793
280 2330
9110 2467
3033 2584
2313 1153
4666 6284
6256 2641
2816 6290
6770 2288
6617 9780
7299 8199
97 9281
1787 1910
387 7034
2596 928
6284 5129
1282 6002
3004 1645
7405 6673
8518 6646
9721 6639
8087 3882
1895 6970
8963 1730
1588 5473
7450 2997
319 7428
5482 9230
7800 9463
1294 3708
9860 2082
101 262
4109 9656
7613 1929
7574 4690
429 575
3773 8168
3618 2286
4409 683
5809 1978
6034 2690
4668 4648
3087 3502
7104 3248
5355 9212
5658 8829
2753 9991
7417 5189
3943 1064
5407 7360
7223 5899
2018 6135
7799 3855
9871 7498
5578 4281
1934 7693
5296 2502
880 9200
8424 6363
6069 5210
3830 5162
810 8065
6992 9140
4495 7177
4674 7237
4071 5943
337 2368
8024 8112
8573 7640
9635 3731
9167 1769
237 1535
4178 5313
6764 6530
9598 382
9262 8800
5407 8500
1202 5628
3252 2971
4330 6310
1700 1459
7208 8833
4987 229
3941 7967
7201 4808
1744 8172
2572 2893
7796 9636
7356 1111
1491 3906
3060 5562
6766 7318
7976 4655
5382 401
3410 9185
6861 7104
5503 7431
4774 371
4662 8798
1515 3433
4921 3139
381 9274
8516 5946
8101 1584
802 3645
6985 8643
5614 2805
779 6576
8455 2990
4955 3669
4909 8266
1533 9548
7449 7108
5669 1585
9561 5743
9231 1985
3976 5035
6443 1329
8491 2004
1285 1560
1992 3799
4179 7978
3506 7073
6071 4466
207 405
7348 1340
6026 2474
8750 3148
8788 1487
5946 3582
1510 6348
2804 2843
8801 3270
6352 5140
8006 3375
5912 9871
8578 1288
9571 5963
4993 2867
4775 9841
6276 4873
5285 473
2908 9141
7459 3110
8230 6715
4456 9007
6129 2473
3360 9195
7706 9720
1982 5928
8169 8894
7681 1048
7604 836
9071 8521
2017 5711
6367 6432
377 45
1699 305
7512 1726
6914 8701
8129 5981
2355 4200
6751 7497
1845 5429
2278 2180
8028 2865
8135 3431
8069 4233
1426 7744
4971 8233
4662 537
2786 3250
1940 3574
5937 1223
7314 4107
4685 7269
187 6727
4640 4012
6515 5426
1384 6350
2569 526
6027 306
3893 9772
696 8229
7696 6047
4794 3631
2691 8789
5238 845
9720 3671
8243 4592
2269 8158
3449 3282
8007 8112
8241 976
7762 9622
3853 456
1894 9195
6641 7952
9798 1891
9390 6145
770 1477
9504 1054
8125 9719
8829 7941
5001 7621
5405 5120
845 9165
4713 3832
8088 3913
7564 7944
5824 6650
743 9801
5651 9822
8593 6351
7263 8830
459 6591
7997 9847
5473 6299
3127 403
7820 7324
1482 1234
5620 1243
2359 7226
627 4700
5108 8265
3877 9799
1056 5154
2971 2964
1507 9388
4095 386
3491 915
2066 9749
1891 1048
4049 1658
694 4412
2614 4007
289 9317
9115 884
271 4602
1785 1936
5630 7905
3087 1218
5398 9026
253 9197
5370 6632
3648 9054
8311 9156
4168 2005
8265 8605
6645 7342
653 2984
5345 875
8833 6255
7046 1584
5304 7297
4752 3066
2330 7127
4669 4444
6103 4542
8609 5688
5212 9510
967 3223
8350 2646
4609 2629
4708 1881
128 5468
1169 5657
1791 1067
3982 4790
5210 9522
9654 819
3132 5693
7723 190
5206 1355
5879 9210
3787 3161
3373 8091
9048 3328
3773 9021
8609 1720
6774 4097
1383 9367
2981 3412
1077 6091
9084 6798
5210 3983
5487 3700
2689 7485
1927 4667
9547 2705
7497 938
926 7429
241 378
5543 5870
5064 8317
1580 3026
4660 9224
412 2757
2542 5870
9687 9727
5167 8602
3962 8827
868 8840
5554 5454
865 5777
1186 9090
9282 4194
2976 3871
3836 7224
2793 6325
737 3674
6277 7912
4755 7394
1669 6936
9904 9097
6217 5899
7067 7358
782 1161
6476 2739
5780 2837
6749 8133
2830 4371
5189 4037
755 3146
6178 5576
3649 856
9439 7191
4225 9724
9909 3908
2037 9732
910 1258
5726 5859
8196 207
9035 6207
1368 9721
3851 3636
767 7530
5363 7288
1991 7833
4475 7260
6375 4462
4659 3372
9444 4394
7828 260
7296 6497
4465 8702
7660 3205
3067 2172
7534 6256
1844 7470
7903 3101
4555 993
3451 1908
7958 9189
235 2128
4206 9561
623 2015
2212 4340
1604 2085
8513 147
390 909
7180 1610
8943 4334
7700 2953
7022 1333
1421 5005
5586 9589
7336 7807
6437 1544
7386 7117
2310 5584
5438 5907
4334 8062
8871 3878
6053 2110
5566 3213
8669 1101
7738 3052
6923 4329
61 894
4006 1107
7866 734
2312 6163
8117 8482
4609 9225
3075 1253
5099 3163
5361 5311
233 8576
9968 3891
584 9319
2061 5718
8599 4101
6303 8231
6627 5449
2250 1855
7611 1438
9824 8213
8179 5468
7383 4686
2339 4251
9606 9600
2575 1094
8008 2690
3170 4744
4851 9090
3619 981
3123 386
8698 6647
5520 4768
1692 4484
1214 5408
5697 8040
18 1352
1159 6517
6082 4119
2815 4659
1173 4195
2037 3093
4458 2847
9966 6730
7445 693
730 7693
4932 8133
7768 6634
559 4362
1961 5244
718 4949
332 8792
5476 6617
4537 7552
4009 1410
3354 6789
2678 8210
7586 1820
6618 8330
7857 171
9833 769
5744 193
6179 5412
6263 3615
5763 3434
991 7895
4862 707
1841 9935
619 3260
5244 2338
9794 3906
9206 4963
1021 6465
7114 5247
8763 4999
1488 4654
3139 4682
4474 390
4742 194
8122 9404
1453 5380
4465 8951
7809 6780
3378 6819
4346 4327
7621 4143
9711 1354
3352 4868
2892 2243
8544 146
2546 522
6749 8584
9672 2531
6667 5711
5855 1811
3845 8804
2755 43
4996 8929
1293 8502
5844 6519
2565 268
3480 1258
1621 4128
8436 4329
3721 221
3112 5896
9875 2343
8701 7788
5195 7633
4232 1186
1043 6603
9579 3132
4120 1157
411 4313
212 3700
9676 9712
8369 8751
4888 1161
7864 3576
7390 9560
8647 2994
599 823
6561 4115
6213 6046
2336 1287
6740 4850
6661 5662
146 8343
7616 5459
1259 6355
8715 6986
2380 7137
1424 9782
5145 7151
6923 1732
5387 2453
9115 9255
785 2625
66 9713
1623 8419
475 9178
2388 882
1435 2032
3485 7834
4224 7212
855 6771
3430 9020
4842 2479
296 4307
9649 7151
2980 7753
9405 9810
1495 4496
4025 268
3544 7604
9017 5551
9601 414
9755 1608
5367 3654
4576 2552
2539 4258
3604 6749
3656 7727
7016 9965
2221 6378
5889 1471
1653 4652
5609 8918
9569 5248
4532 9146
9528 9970
4685 1716
4293 7254
9614 2630
4942 9282
2543 3077
4949 426
2341 1909
7639 5430
3212 9199
7697 6913
1583 2721
6339 4512
1636 3282
7149 8684
3589 6768
1542 9599
9033 4792
603 8423
1185 4002
2532 7578
3582 774
7698 7719
2879 6927
6869 8068
5944 2954
9706 1002
6399 8218
8849 4009
3856 1196
9149 9272
1825 9954
2773 1405
7839 8079
5895 3109
9383 9246
1836 929
5313 95
7479 5662
406 3406
9991 4671
5730 2193
3275 6825
9108 4671
7125 7595
5091 3400
6455 6199
1547 660
8090 5377
3205 396
7118 7604
3684 1231
7788 7851
6011 4418
6375 1379
381 9176
4736 2682
268 1225
8729 3
5635 9810
9825 858
5407 9096
4638 8926
712 6026
3113 3328
9389 8163
963 871
7165 4953
598 2013
4322 3045
6166 8713
4808 3663
9590 3545
6044 2101
7046 4956
2527 904
8122 8842
3498 1075
119 7025
6139 8120
6630 4237
2669 9273
8939 4514
9862 3648
4143 8889
3034 908
41 1605
6780 1864
5115 9553
8373 3481
6328 8872
7677 2916
7076 4672
3718 8234
7476 851
3769 9538
8181 2588
3512 1649
6088 5323
7714 5336
3210 5397
7797 5657
5426 8395
7565 2631
3380 948
2922 8874
3891 1994
9169 4492
5027 3006
8297 8163
4203 6633
1813 5995
3705 7873
7361 1024
8272 452
5958 4580
2253 804
7208 7603
4360 4030
9262 5553
3269 7000
6625 2987
2169 3095
1373 8051
2698 6506
5334 7122
9312 3207
132 2201
2583 2752
7614 8680
1334 2354
2437 90
7594 9801
7831 2427
8492 4963
7300 7560
4833 3808
1821 3681
2144 3026
8360 5949
2078 903
2656 9130
5733 2224
6842 8238
4499 2254
850 304
9647 2824
7379 1181
3846 7547
582 4871
1636 6542
9442 16
4126 6896
9922 399
4219 9121
8068 8989
7715 2954
4893 703
4816 5545
5866 4640
7009 7037
7089 3978
3838 4907
1206 9264
3781 8875
9353 1675
3427 9442
1805 9999
9774 5948
884 4426
2031 9301
1093 872
1437 1589
9104 1862
3668 5158
8072 3505
917 4179
6767 1866
2487 5679
6911 3480
2411 5838
7348 890
6749 5892
3272 7592
9094 808
2326 6564
3710 8933
8480 531
7727 5597
3628 9266
5 4874
4169 8310
4594 8371
2735 5636
302 1607
613 5130
1819 8345
3772 2216
2758 2104
7864 79
3242 7737
1630 8532
6078 4675
3177 6752
3343 855
3607 1975
2680 8074
9425 6115
4349 513
9927 1101
2840 7368
7481 4360
202 1486
1059 2890
4131 1569
5376 2967
141 3281
2271 2587
883 1892
6851 4340
6767 1382
1604 2858
6880 3706
4739 4812
4554 6849
9098 3769
8775 4533
9490 247
9772 4083
2462 3651
2263 1732
1045 8982
9028 6646
4077 2175
3023 2843
371 4323
6371 7118
439 2751
3249 7389
355 1829
8413 2791
6476 1850
7778 2900
9490 3131
8053 5675
2754 2023
6471 1524
4298 3758
1139 2379
9484 1748
3528 9245
9644 289
9361 243
868 5672
8976 6184
9574 6114
5785 6216
8305 6535
9450 4263
749 7512
9800 2971
1297 1211
8773 9574
1940 1396
5534 612
1008 301
9105 5614
9714 3362
4012 8089
5374 5851
9967 7646
7936 1575
4355 167
9533 8769
1653 5314
6344 4626
6907 2981
9056 3603
9863 574
551 2124
1065 1270
4717 4094
8206 626
3275 7770
2567 948
6683 7692
1477 9717
2276 6503
3263 8551
8340 5198
9894 283
8727 44
7040 9134
8788 2465
8896 1376
4134 6170
1719 4067
5863 3084
148 9260
2840 7756
8503 2953
2382 254
2515 3135
3495 7160
5617 3134
6570 2370
5969 1619
9021 956
5804 1371
8479 2028
693 7951
981 7170
7165 3296
4034 186
6966 4848
5584 1566
7967 2315
6155 9141
2238 1984
3788 8284
2525 6224
6004 7391
507 8801
142 2117
2098 4751
9607 9397
6889 1264
4025 1528
5727 7586
7891 9660
5624 5428
2772 2178
181 3694
7702 6678
5787 9469
3816 1417
2358 63
7828 3212
7463 2343
8831 5130
2536 1102
5934 3794
2608 7526
9462 5680
1745 6204
1180 7511
383 4586
2683 5934
7419 5462
8579 6660
6430 6282
9055 9201
5185 7456
1599 1290
8873 2282
5028 5456
816 7292
7258 9638
6142 6551
1567 5662
7127 3986
2802 1823
2557 7559
8119 1684
5846 855
8358 4692
7289 7979
9603 4793
1490 5448
9161 655
8853 8350
5696 7340
8863 3837
6270 4118
4280 9892
377 9045
5396 5512
985 2406
8808 7230
5772 5001
5930 9557
8596 1337
9378 9411
8235 9957
1597 1050
7238 4351
560 838
4103 6464
7641 6614
8605 4965
5104 7092
1911 3771
1005 6147
1509 8627
2228 9972
2639 4801
9931 9397
8063 8023
1788 1815
6617 8265
1141 9210
6747 8749
2397 7751
5439 4993
1233 2425
3309 952
5501 1705
3021 3938
1014 8677
4507 8295
5475 9501
2643 1376
4636 4953
2956 1299
2091 4250
8705 2521
3599 6476
2538 125
4480 884
6937 6227
1805 7676
2833 7058
3424 24
4321 2367
9331 7636
9901 7448
1435 8812
3021 4010
3746 9927
4847 3488
2292 2161
4200 3513
9808 7716
9992 5043
9758 6306
1644 9882
2287 1842
6156 2487
415 4996
436 247
7911 9347
2368 9433
383 7430
9025 4723
7393 8994
9020 5218
4170 4064
7282 9468
7241 6774
154 4357
3625 4709
8441 9561
6172 399
7796 6876
9693 1890
4701 2604
9575 5062
3049 8527
3732 7551
7570 9711
9421 9086
6904 8126
7473 2522
4594 1304
9937 8423
4418 9252
1847 5217
6663 6390
7047 4439
9116 2996
7198 1990
6573 2627
487 1585
5370 3677
6173 6442
3668 6785
986 2736
5237 4840
6557 9604
9452 7759
9114 4122
6006 3622
3196 7305
5208 372
6054 2318
5400 5892
5639 2500
3627 48
7899 4168
8569 3256
8862 572
3101 2527
971 842
280 7251
819 5810
5989 7143
1609 962
6392 1998
8763 1586
7056 486
8139 8121
7115 4863
4059 831
5193 2023
4038 8655
7896 755
3835 8568
8814 3547
7189 1282
5110 1251
5334 1592
6129 2610
8194 9957
4878 6769
3159 5055
2884 1697
4475 1211
4235 937
414 6987
699 7131
3246 8603
3597 9730
4873 7796
7213 8283
8172 3162
1953 5164
9882 2345
3667 533
649 8199
9594 8946
5095 9797
6423 3402
970 1655
6507 9895
3444 6686
6022 930
7141 8127
3866 5098
6762 706
4398 5729
6564 4216
7614 1940
4532 9641
240 388
4002 3322
578 9157
6316 9800
8926 195
6459 2275
1375 9964
7426 6090
4398 159
6816 8655
3621 8270
3029 5622
660 4706
4048 8431
2994 1388
7255 6878
3931 9747
6832 2659
2520 7727
9804 4747
6317 7857
4420 6435
5963 9533
3515 5652
6422 1205
8338 8831
208 1347
8283 5541
2100 9122
3286 9524
7583 2538
7159 6570
5177 3366
9320 6455
6066 3092
4570 9347
3559 1528
5175 2585
9539 1421
8563 9087
6370 3577
6225 9139
6689 4204
6338 3251
1441 6469
568 8297
3467 6033
4344 8417
5309 2913
9358 7657
418 7542
3354 4100
3600 4508
3385 3610
5451 4336
9583 3216
3015 9392
9407 9679
9227 4413
237 9748
8672 6911
9002 8548
7000 6646
3487 4553
8748 792
181 3069
974 1180
577 4305
5293 7617
4397 7387
8007 6427
5681 8603
7705 3404
5041 904
6769 3451
752 6395
6293 1956
658 3207
2828 4076
527 6372
6074 6366
7699 9191
3673 615
7650 9695
4130 6347
4809 1327
1659 9666
5648 1747
7883 9058
6699 2913
3769 5049
2336 9437
5459 2776
2066 9976
4506 5623
6604 9494
8857 5465
410 6715
5319 8589
6785 9474
66 5741
127 8138
9724 1735
9357 7261
9634 1430
7697 8653
4374 8892
2815 6365
8366 3646
5728 4490
7589 9852
2395 1253
7264 5803
6191 654
7915 8209
6755 2573
6402 8733
6644 3680
3388 6048
9422 6189
5665 3356
5158 4738
3308 9031
8915 4769
1659 5852
6045 4737
275 6718
8878 8067
2929 1226
4374 7234
1547 4584
7962 7909
341 2077
5820 4277
4976 1025
3014 8774
1501 6824
3679 2516
1743 5071
6336 8314
541 7652
8560 5714
839 2338
4731 9940
5680 5512
9410 205
586 8373
1356 1614
2592 4803
9355 8829
6908 7629
5689 7965
633 1069
7968 4997
7282 8070
4713 9935
7561 6603
7132 5455
5588 4683
278 254
9058 9466
1465 4594
4668 253
8413 6027
4310 1681
6644 381
7620 6040
2683 6421
8826 1345
6973 3098
7051 35
3618 3906
2227 518
6308 4830
9840 7694
7938 915
8731 3108
9533 4597
8405 3779
9551 385
2140 8140
4812 3432
477 6119
4097 2500
1971 5462
7801 7736
3005 5415
7903 9592
2334 4551
8941 7761
4942 8894
5714 8215
1726 7498
4323 2570
585 3627
7272 8548
6821 3032
7479 8818
2345 8765
2014 4204
2153 9938
1129 1234
1420 2681
9492 5972
4495 8691
9803 7230
3730 4607
6237 4047
1952 3424
3534 1077
1980 9530
2187 4903
966 953
1513 2575
8813 5662
8807 7649
7263 3095
7346 7292
7180 6826
4998 9723
4489 7726
7281 6040
7440 8678
7892 6063
308 3370
2436 4411
6290 3827
2957 8127
4867 4307
8997 8723
6366 2623
1966 5256
586 4123
1477 5802
3185 192
8840 6657
4112 3500
6485 8900
1180 9606
5165 1307
8382 9532
9543 9391
3343 8235
4529 1360
5119 3978
7057 2386
7550 7667
3641 5749
1357 848
617 9744
1039 8814
3007 2250
1498 9520
5833 6564
8026 4963
1067 6086
6612 3225
7596 228
6375 709
283 8477
8574 9746
7487 6833
4867 943
475 4828
8813 9003
7424 3410
4842 3433
2445 4713
7800 4336
7890 7646
8974 5042
4306 9317
8855 8455
2343 4560
6974 5989
7071 9355
7221 8366
8836 4498
4127 3846
8969 1168
2622 6560
3424 7173
4630 1444
5208 6898
6673 2671
4500 4244
5164 3782
1127 5755
8734 4296
3915 8007
1400 4480
4033 6766
4872 2340
2755 1931
9112 8221
8438 4166
4227 9427
7435 9932
2792 7156
4579 1003
1734 9920
1698 3484
552 3524
8365 6350
5898 4961
9662 8955
3625 2921
2678 505
1946 5526
8338 7775
6768 167
4086 6881
9041 6935
1093 8235
7426 283
4195 3862
2366 4280
2450 3817
3078 9743
3880 3887
9602 5975
3218 1057
1637 2581
609 4913
9359 7433
5187 210
8173 9464
4845 5318
4955 8690
2212 1062
8809 9104
7851 7624
8443 3308
8342 1696
3706 2316
7261 4005
8552 3564
9500 5950
9521 7351
9223 8089
9692 834
11 952
7201 4421
7808 3849
9941 4599
2522 9649
7137 5493
7711 9380
9617 8926
51 6659
9368 1358
5198 2306
9008 6389
7823 4501
8207 2067
5179 1926
6389 6291
62 1542
5218 3281
8241 494
6917 1113
4204 7440
6206 4622
1795 9695
4613 9571
6636 8679
8244 5001
7137 3323
9039 6022
8241 2874
244 7214
305 5596
9421 9889
3743 8894
7811 4705
4439 5768
4860 6878
4318 6840
3909 5599
6220 2925
5882 911
6439 8385
2722 2690
9242 8291
2088 4355
7764 5361
5940 7371
7981 8911
7225 2464
899 3958
3895 2104
5443 3148
32 1752
7204 8923
8536 4061
4013 3601
7925 5334
2214 484
7270 412
8635 991
4816 4223
9805 7438
820 639
7955 9138
2268 1220
5551 7057
5236 6106
3483 3917
1557 2796
2081 1711
2844 6652
8682 4608
8266 3788
1518 7364
5061 6860
1370 8067
8715 9664
4448 3701
3510 4509
7768 5930
6539 8128
4788 9859
3613 1692
3058 7408
4398 9726
6730 3287
7574 1918
5175 7902
2092 6388
8627 8597
3025 6117
7962 3635
3420 5865
5585 5211
3184 8250
4239 5114
8905 3546
5529 5920
3941 65
140 89
4000 162
19 9703
6376 8633
4777 4190
8608 9844
7112 3323
8367 8571
896 5666
8264 5917
6995 9011
948 1608
8989 4247
2395 5797
5665 6909
4098 5886
734 987
7375 1644
7808 6915
3848 6881
4691 2453
4697 943
7603 2187
931 6467
5102 1253
4578 5506
827 7872
7271 5566
4836 7973
6869 3012
2127 1868
7991 3830
3195 2316
9502 2496
7701 5744
3080 4681
3321 5719
1243 1448
4438 6743
2306 4976
5818 2703
8126 4394
6781 3160
3358 3053
6234 5960
9977 2013
7816 8771
8040 9693
9911 5485
6177 6754
7173 4384
1854 5621
9296 2087
2171 5412
8326 7477
7262 7911
4008 8869
4994 3018
989 8863
8428 3484
3410 9827
5150 386
2864 5205
1849 4344
4630 565
8525 6997
3253 4889
7404 5674
2667 250
733 9656
3430 1992
7341 8139
3754 7307
3951 6950
5598 6855
5668 5484
7713 1706
4342 4536
5578 534
990 7754
781 7478
4901 2191
2873 5438
1592 75
7022 9315
4868 7606
2220 5460
6769 4272
8982 3556
5932 8226
5350 9813
316 8851
7018 4499
8757 1059
1372 970
7627 4936
4751 3348
8110 5186
7477 1987
2068 6685
125 6776
7925 5491
2042 9485
8768 3131
8495 8421
2682 8066
2967 5230
998 8356
1521 2944
2320 7735
4072 3157
5012 8309
7328 645
9884 5364
1948 7468
6422 8467
189 9834
339 9875
4053 6744
6764 239
6698 4258
3472 1178
6133 8021
4152 420
5002 2614
6075 5016
7107 9852
1357 9269
8213 5243
1746 807
2387 9550
6913 7041
1361 416
7619 4970
7393 5111
8011 5153
9113 5614
975 8622
7878 7070
757 6230
1882 4312
6153 5370
3424 4241
8522 9837
6112 6922
1253 1968
9966 6891
6424 5356
381 1644
7401 8588
8545 144
9279 3060
754 7934
622 3201
6653 5645
6144 1247
5284 171
9839 6769
2453 4346
2063 5264
2728 6264
968 8643
9041 6537
9473 5896
5286 3411
9160 3148
5947 3398
5774 3916
8345 2502
6415 3417
5229 5878
5775 5746
2652 9491
3568 4976
8628 8890
5408 9555
8670 3975
111 9252
5120 8043
9023 839
6911 489
1236 48
593 5709
8731 558
8224 265
2102 4408
4011 9822
6789 1875
3318 5459
9841 4445
610 6901
8913 8169
4216 5675
7056 2487
7902 2517
1062 6815
6220 5953
514 4490
7432 4169
6921 8942
7165 7436
8696 9476
5738 3623
2822 9735
9031 3504
1477 3418
179 3247
343 2823
9289 6410
1916 9504
6880 3675
3225 3364
7137 4448
3877 5440
2756 2430
5086 3710
627 3619
2873 6575
4608 1927
4598 1857
4674 4046
3969 4253
4522 7085
1172 8063
3685 1430
9866 4835
250 3809
1054 1529
9667 2649
8802 628
3192 2001
5453 356
3110 641
8076 6334
9615 6337
1080 6837
1948 4176
3288 392
5629 1649
8781 6168
176 1427
4539 5139
6384 2844
5720 1570
8645 9441
189 6683
9065 6740
8761 6484
411 9579
149 7877
428 9513
4514 5704
1351 1979
31 5040
9294 609
6358 9347
559 4854
1350 8438
1317 2174
6555 5395
2651 3420
1737 1609
7339 7533
8504 7777
8565 3892
8377 7928
3835 6979
6023 3918
3481 9779
7129 9321
1234 224
1396 7575
7413 5507
5357 9422
4207 7005
5995 9874
1386 6461
9227 7794
3522 159
3725 1183
4696 9682
3756 3131
16 2803
9819 7049
645 3547
9435 5527
1997 82
2841 69
5031 4622
1748 3361
2576 892
7564 1216
8612 3546
8086 6426
578 1454
3148 2931
6313 423
913 5650
9390 9214
1362 5616
1184 5016
8632 9166
738 4923
4954 9571
4295 7290
4656 1617
7165 3247
8850 9427
1679 8900
9343 5269
4782 558
9753 9168
6282 4231
9965 8465
2939 4807
9664 3716
3292 9005
6373 7858
4151 7743
764 7700
8619 1500
8452 2115
3993 810
7649 5582
4975 2738
6345 7847
4123 2100
3976 2250
594 1015
2019 4763
3097 1153
4617 7643
4383 624
982 6199
5198 2355
9521 5805
3702 9736
85 4939
8730 2210
3101 4582
1590 9846
9608 8564
4589 1634
6413 7078
2866 5803
24 3382
8940 1522
5505 1945
3341 7811
1438 1248
9707 9801
2815 3121
237 5905
1319 1245
8146 3657
1754 9918
3514 7013
3506 2063
4408 9502
9964 1192
8943 2903
8799 5636
6666 4606
7372 48
5864 3754
2225 5747
1828 1527
5624 549
4083 2124
4589 3533
2246 5029
2268 9323
3807 3938
9321 4062
6176 8699
6201 7618
6222 6238
9469 8202
4229 5639
5871 5047
7990 8170
3572 8306
7467 7344
8738 9036
9388 828
4299 6527
9705 5321
2344 4191
4343 9586
6369 8995
4232 4813
9288 7835
6019 5925
2133 9277
1282 8882
5372 4095
5402 3991
8091 7683
9174 2856
8815 746
940 8502
4439 1302
9521 3897
640 7313
9320 4601
431 1027
3573 6328
8589 3012
5952 8319
7532 3359
8805 3972
2856 1214
9289 7509
1865 8616
8183 8036
757 9428
5000 7566
1634 4488
5024 6521
3625 6947
5269 1866
8486 1875
4827 1585
4364 787
8203 9601
3301 2149
1202 5392
1415 3704
5973 151
2883 5398
6962 6198
1367 8157
6530 696
882 5304
5867 9070
5655 8393
7650 5962
6171 4693
4542 6922
9449 315
487 5535
5573 5011
1868 1226
478 480
4980 1138
2028 4177
685 1428
4376 7097
7745 9655
7659 377
3446 3322
6687 6375
2196 5229
1537 3966
3297 4313
9432 8257
4664 1117
5168 5421
2857 566
3759 1450
5466 8937
1417 9469
4858 9920
6766 1469
3046 6688
5408 2752
3221 307
1331 6802
7294 8262
2477 6738
6297 1937
7870 1288
6307 7342
7369 9814
2731 5608
1231 1515
137 8194
6365 4814
7982 8960
1036 7645
8807 6646
8470 4209
8715 4092
4728 3934
7604 6538
2211 9972
154 4246
2829 7781
2843 3271
8868 8772
279 7812
8003 1830
2951 1806
5389 6696
4141 3463
4181 1212
6023 4510
5920 8945
7005 2057
8819 8557
7770 7005
6678 6554
2024 2268
4698 8587
7124 3451
3014 2362
6288 9823
4381 415
6183 4836
3020 4494
1563 6506
9919 5182
5914 8108
2611 4210
5759 5614
5430 9941
8181 1746
2699 935
5879 3399
41 6174
5922 6991
1283 3355
5084 9436
1906 8139
333 4502
8895 2758
5579 1883
9373 8151
2997 8931
4770 5145
7429 3071
9767 4202
7304 4782
7093 6254
4778 3195
9295 163
7626 6455
8334 5420
7517 9454
4343 8509
4350 1065
6825 5858
8499 2543
4195 4492
4747 9224
9154 3737
5683 2688
7064 4559
5127 533
2104 9221
2982 8541
4158 2973
143 294
3548 1074
9256 1355
5454 7562
6797 2096
6623 4968
1989 2939
1797 2737
3200 3391
6759 5624
8172 4358
6943 2600
8583 1306
9898 1054
4063 112
3547 8225
4485 9697
2368 8255
5120 2135
5389 6485
2878 6688
3076 4714
8389 6178
8295 9513
5032 5675
1972 2905
725 8772
7278 6026
6315 9026
3356 9838
7097 9736
5339 2082
4913 9788
5887 7480
1419 9556
6551 6227
4166 7645
6733 5805
1577 8872
4637 856
9928 3106
749 8319
6802 6974
2123 1864
9079 3408
549 9754
3319 9881
1392 869
9222 3482
4956 449
6091 6807
9967 374
6888 2666
7502 2741
9587 8897
1387 9075
3779 5653
3287 5568
263 8344
6440 7111
6656 3434
4550 900
4510 3447
2960 6220
4776 1456
5116 5582
1445 6629
3851 709
3992 8109
1690 7494
7737 849
1973 4157
173 3419
3142 5454
695 6262
4891 3082
6872 7842
7878 2353
4674 2982
7357 158
3739 3954
4290 8531
9293 5665
9821 6689
9162 2551
1862 6516
1612 2653
3775 4506
7659 1030
3421 4526
2055 9372
9191 9765
6549 5532
1334 2164
2375 9259
6093 3100
6756 9523
4947 9748
9495 991
9691 3025
5683 8479
9317 3715
2451 679
6861 3039
3407 4602
8608 2373
5627 7007
2351 4957
1850 7565
9229 8707
2849 3865
3314 8284
422 6536
1730 6084
5494 3347
8840 1990
901 1063
8443 279
2257 2501
3139 3551
7248 9437
5221 341
1831 6561
8665 5158
8668 2713
3725 6385
6179 212
1122 4402
5909 6229
3556 9449
4207 3361
5688 3958
2711 9523
3693 9652
9673 1674
453 6095
9391 2161
8093 9987
4463 5848
2456 2066
654 4612
8138 2562
6194 2208
9792 1121
7734 9341
1181 4901
3718 9886
5054 2548
6218 1945
3839 7597
5472 7450
3575 9794
2994 9962
5630 7411
134 9287
8928 9207
932 4353
6665 8857
5426 2289
1215 6477
6379 9813
175 4046
4511 1452
3840 4469
7028 2795
9796 4584
7850 6649
3661 7628
6892 7918
5020 6376
273 2722
2836 6729
1458 1845
7646 139
4311 635
4549 8907
7547 1137
4785 5158
1214 2545
6257 9388
3768 7421
5265 6903
2058 5740
1899 4754
6689 6110
2890 6504
7252 9374
2906 3627
4173 5443
8668 1405
7524 226
8597 8446
7831 3412
8133 1186
2342 9216
3013 6254
2634 3845
7161 1055
5126 7909
3510 6216
5205 4849
525 7414
2259 6989
5013 6385
8040 8464
3447 593
3615 7675
1123 1626
2565 2115
8720 6502
5276 4237
9232 8830
5775 581
9809 9572
5856 2106
2160 1840
2093 6969
5337 4421
4593 853
4761 7744
5175 3024
5956 4700
4346 7881
9362 8372
3735 4866
7861 5990
3572 2412
918 4032
6282 9057
8109 1995
9101 5310
4862 7696
4700 8235
1488 4651
2580 3401
2346 939
7327 1831
9031 2770
3946 8240
6520 8815
2772 4500
3416 998
5986 5425
5435 7593
1487 7599
5279 4453
9777 9477
933 7564
5399 6587
9481 4698
6974 4157
6940 1366
4275 7992
8467 3127
3346 1268
3112 1296
8813 1902
9870 3162
7017 8737
1603 9820
6514 4336
526 8057
1151 6179
1303 6375
976 7724
8534 9655
9508 9109
2419 4662
9751 1143
7949 2895
7032 6649
8886 7578
88 5140
6587 8741
2558 1535
3810 6926
4376 7355
3980 8714
3820 7933
2841 3669
7677 4131
2523 38
8521 2165
4371 3022
1167 8762
1224 6222
3246 6292
9590 5474
6312 5657
6882 2589
5429 2510
8316 8802
8084 5522
5213 3868
1660 1557
4096 1723
2769 3955
2237 76
2435 2401
4928 4419
3216 1091
4297 6807
2089 6103
5132 9755
7585 9826
3512 9925
9666 8564
7349 6828
5658 3722
9974 8787
8467 7409
4030 2876
2705 626
7664 251
1252 6222
2398 5464
685 2199
3923 5360
7917 5368
6364 4937
920 6738
8624 4096
3625 3924
6337 5425
6335 2551
9547 2594
1573 1587
9481 7756
3344 1506
8359 1207
9553 591
8721 1634
682 57
6939 4059
1517 9066
4074 9057
7728 2174
943 4035
6557 4083
564 1060
486 7820
95 1150
4389 8481
3027 6480
5698 2695
4790 6502
4686 4952
2798 3972
9483 2750
9668 8782
5646 3329
5658 262
3405 4218
7544 2163
2115 963
1442 2042
8035 9934
2054 2252
6745 879
5810 4268
6571 4630
9522 4827
9278 4221
9623 450
549 8298
9923 6443
1156 9377
6832 2636
708 9770
4624 1042
9791 9258
7744 9542
4234 368
3030 7806
499 7711
7113 8275
5664 1123
3967 4729
5302 9394
4481 7329
939 6960
1787 4695
7555 6814
3728 9304
5223 2577
4619 5205
1653 6827
6320 348
7584 6264
9792 9273
375 7478
8075 729
1091 8385
5920 7990
8810 5835
5648 2468
8770 5269
7585 1206
8623 2701
846 174
5452 5812
6908 9712
8648 4378
487 7073
1464 4823
1210 1713
3595 1193
1230 7618
555 4662
2538 5364
1630 813
393 2415
7308 5373
745 4476
571 113
5871 7089
6871 6166
7703 6711
1389 4619
8969 5624
9670 5700
3800 2170
3777 3707
4165 2995
9977 6195
1520 1929
7382 3306
3950 375
6463 6923
1382 8701
2685 7757
4805 2677
4250 9788
8801 8733
8744 818
1435 4726
5791 1553
909 312
1886 9967
771 6944
1443 287
8551 6679
4581 8600
5444 1600
4558 2516
9132 6653
6727 8263
9509 8366
3371 7978
6462 1752
6189 2003
127 4462
6358 1059
7358 9631
9686 7900
4862 9979
7660 1852
6594 7139
9345 4074
5968 8028
4798 9324
3168 9184
717 8466
9075 2449
2877 7299
225 7803
5744 7571
1738 4981
7023 6445
3118 7379
109 9859
2313 7595
1256 8015
9686 929
716 4500
7124 2802
8241 2390
1350 5577
2421 2835
9140 7442
1749 8636
6190 9945
2020 1364
2545 6238
1566 7125
4210 1415
2966 8825
984 289
7772 2555
9398 8693
2890 5706
2678 9683
7133 8711
209 3230
1665 9836
6922 8308
4341 5257
6714 567
5262 4092
1206 8589
4744 3260
1822 257
2983 5059
7279 6451
1723 5685
6743 5875
3585 1393
4312 469
1910 275
9477 881
2374 7795
2186 8091
7395 638
3625 7434
4146 2638
5647 8198
3632 9209
4053 2867
5874 2899
7905 8021
7305 33
2285 9503
1315 1963
5087 11
3022 589
2040 3064
8968 8283
1353 9131
7187 3534
4206 7540
164 6767
3950 3295
8090 3118
2235 3410
1339 8031
9092 1705
6634 8306
2507 9100
1397 7454
5120 4762
7515 8282
187 677
8827 3463
1177 617
6071 5517
6238 9786
9880 6241
6633 7817
4314 7344
821 9394
4104 426
2763 3926
867 813
3445 9216
3563 5181
4958 7861
7584 670
9189 1149
2642 3806
9104 8201
9173 3873
5676 2624
8769 5465
2115 6170
8453 2322
9959 2072
8219 328
5834 4957
4263 4662
704 7709
2073 2300
5772 7057
4834 7100
1623 5540
7315 3265
5072 9006
7632 2620
8925 8634
3060 2188
8847 8757
4126 1257
4468 1046
1177 7342
6213 3972
9370 2816
7552 4841
962 7807
9008 8097
8275 9433
4568 638
3088 6725
9183 2220
9293 6882
5044 5148
8437 4541
8883 1455
8378 969
1856 1265
7766 7022
5696 9759
7857 4832
3048 822
6380 9323
2029 1898
7209 9720
6601 3535
2286 9503
7855 4392
6078 5385
7014 3561
2279 5792
5522 1403
4923 7205
5664 6924
902 6926
4159 1393
5166 154
3788 9577
4057 2962
1334 830
7848 1246
3073 1195
4992 8977
7862 2885
2329 3715
231 5511
1008 6617
9439 1070
4199 7058
6216 7629
6797 2992
3222 942
4472 4977
7313 1094
221 7178
833 3380
1042 9599
4018 614
1868 6529
8854 4039
5234 5588
5593 7865
8130 5900
3616 1595
3409 3956
5755 5239
750 666
1338 6123
800 8842
4795 2561
350 3206
2273 8733
3885 7103
4800 8563
9316 786
9045 1379
9051 5826
643 5394
4690 3646
7560 9686
9598 3406
1806 9325
3630 3775
4701 1339
9996 3977
8909 6334
3246 7722
6266 1631
2412 2561
3056 5576
7197 3752
7750 2988
1434 4975
5287 6855
5012 7825
3979 2980
3793 3205
1396 4133
1681 9908
3108 6914
7727 6129
4636 4929
8370 4810
8047 9854
3588 8266
1062 2215
5370 7432
5548 1767
2594 2943
1113 6989
2139 7931
284 8008
9934 3453
7970 3329
7018 843
5411 1173
5213 9095
6187 8254
6606 7434
2070 8317
8391 4893
3589 5941
2657 3332
4013 2967
4679 5096
9758 9910
1149 9759
8769 2982
4873 89
2811 8022
2399 2186
5326 1655
9594 8031
2271 9624
8998 2815
6866 4048
539 9071
6593 2151
2868 5986
2236 3664
478 6540
3098 8679
3228 1361
1741 8723
8567 4590
100 809
7618 9811
5898 3773
891 5388
5723 9557
8798 9883
4967 4940
9140 1668
9503 5679
7848 8661
9149 1399
7738 8879
6960 1540
333 1173
3444 627
875 6368
3776 4844
56 5644
1609 362
7379 9539
5940 4695
6889 4420
2281 1268
9556 4160
2931 9314
2993 4721
6419 7456
2815 2326
2197 4337
4131 1903
586 8905
1257 9442
1556 8948
9684 5656
2800 5027
4727 1304
4862 868
5244 2621
8876 1932
97 6662
5520 3716
7891 7530
1604 3901
6290 4053
3868 674
5652 8356
3299 4329
2245 1817
6291 3269
4572 2603
8676 8267
8137 2222
220 7630
6331 6810
5572 8873
6094 5803
2443 569
3217 8020
8227 5141
1557 16
5769 2586
3682 4663
1059 4135
7828 6425
2722 8146
8962 42
2487 8214
4607 7210
7874 9642
7849 1471
1941 7022
495 1554
5863 5380
7216 2435
2596 8761
5391 2074
498 9087
2114 6395
6334 7896
5481 181
8741 8129
1979 5799
1791 6985
9132 1663
5877 1420
2604 4129
2819 8096
1161 7552
3401 9995
4788 444
6475 3727
5121 3176
3096 627
3336 198
2248 8144
1224 3794
2047 1077
6075 9304
8174 6103
85 7411
4920 8920
3574 2898
9874 2498
1839 1321
9380 6385
753 6386
2028 2202
497 8781
9170 9676
2199 187
7973 9202
6694 4147
7796 4049
2454 1072
1930 4836
301 2295
2400 722
6956 9832
870 7769
2549 6096
3261 9337
7482 7929
3563 7903
8513 815
9409 8972
2645 5519
3674 6994
5462 1086
5161 9947
5423 7123
9029 2197
8408 7666
33 7118
9458 4582
2916 6216
9184 5258
8151 5960
5893 5157
4252 4561
4808 5152
348 4952
9364 1892
6697 9892
3260 6773
7586 8101
5483 4485
2101 5374
7498 2198
9678 1503
8027 7376
2590 8019
626 2139
23 2067
5268 5434
467 2549
9783 3524
2469 4389
8345 9760
4615 9597
6508 1340
3970 7380
6750 7162
60 8305
4168 4568
12 3195
1260 5146
1001 815
8737 6902
9840 6444
2796 3036
4868 7502
4004 9776
6432 9845
1767 118
2344 7649
6507 1928
590 668
540 3190
9984 3044
3956 1515
7758 2676
6762 2505
9241 1231
449 2320
2743 7416
7472 2800
6164 5344
5618 5128
5586 5517
7060 6058
6928 6435
3004 5309
6777 6321
1273 270
2100 9371
9861 2996
5177 3680
8422 9263
6195 3719
9076 9581
960 6347
8182 1368
7493 3776
2581 495
9422 7424
3138 8256
8164 6775
6947 3903
8632 9111
2312 1669
7019 1785
7244 1783
352 9457
6007 5762
9321 3100
1264 4624
254 5321
1680 8682
7148 5697
1378 2411
617 3988
9862 7164
1606 8242
8021 913
5550 7330
1422 3407
2571 1106
6415 1912
3736 2364
9119 4613
3328 8178
1512 46
1861 3526
9219 2601
3197 8968
2300 2349
7479 9068
9140 2786
3644 519
5140 6024
1136 1270
495 3472
983 3451
5249 762
4660 3045
900 4843
6413 827
9505 3883
5258 7813
6723 9177
9628 1880
6759 6828
2207 5623
2600 4794
5255 2919
3281 8551
6095 6908
1891 4759
1110 6338
6121 3744
1512 2459
610 4270
430 6666
5473 2908
6435 3358
2750 6725
3047 4682
2522 119
7357 7085
3791 2544
3343 1139
5110 5544
8609 6583
3250 1755
4019 6291
4810 1345
3935 6102
9844 8700
8227 3600
4877 8494
4697 2637
9925 1780
353 1468
87 5538
8560 8378
2374 3532
8018 4224
4018 8351
9514 5238
2410 3866
4395 386
3068 7244
5215 3729
3848 4347
6292 9473
7763 5950
6727 7481
7878 8680
8520 4565
3206 4578
8189 3313
4735 1075
4546 3953
9818 8926
1022 8748
2382 4408
3810 8355
9858 7765
7178 4257
4368 5407
1110 3280
214 2913
1186 117
2134 4566
5248 938
781 6729
504 5127
8496 3816
1846 6411
162 4410
6417 1484
4754 8138
2332 2953
9889 1536
1669 6825
770 5050
9691 9234
7354 2892
4445 7399
8983 1505
7150 191
6109 828
308 8990
1179 7600
7711 1442
8589 7960
71 6540
378 6179
4158 9353
9997 4576
9972 1133
5345 499
5482 7483
4133 2705
46 2962
9407 557
4597 7447
7325 7279
4950 7579
1958 1022
4371 7450
3503 6426
35 880
6826 152
8075 7031
2729 7883
9195 5521
2480 923
2532 2974
6056 5925
695 9819
8224 2303
1369 3415
1470 3558
3379 3411
1124 4726
5925 9718
4365 6837
3018 1578
1734 28
807 7046
9081 8131
5805 8953
245 4472
4495 5920
890 4140
7213 8596
736 7418
4446 4275
4871 1173
4076 3161
6408 1677
9753 2186
8811 8781
2752 6175
1970 5652
9655 8171
2898 6285
5184 489
5010 2718
8366 2164
4765 2330
5428 2562
8113 2899
4953 510
3497 4959
8984 6049
6904 8470
7108 5452
9692 1942
5465 6820
8818 6578
9901 6650
5368 3101
4550 7382
5661 8815
5621 7039
3845 4899
8256 7354
409 8205
189 2861
4219 6538
7241 9743
183 3029
6729 6462
9396 7779
4968 6636
8858 1117
576 2918
3070 6056
2980 5250
5433 5666
4585 885
9463 1226
6676 319
9130 4348
8574 6404
8751 7529
9637 8439
4440 4287
348 8085
1385 5418
3907 4603
5454 8966
7681 9252
4105 6816
9261 3107
634 8856
4652 5354
4214 9989
357 7269
5674 9381
4865 1622
4841 4911
862 9406
6417 8
8514 8484
5356 7085
284 7941
4178 3187
4022 3560
4380 4729
3190 5052
9699 4071
9989 4081
6247 3126
8119 7776
1084 3051
4504 4552
2862 737
9768 9814
1637 2130
7485 4016
5987 4242
8136 6654
7771 6712
1906 8437
4556 2617
244 1409
8186 5635
8725 2383
1550 9395
1694 8132
2612 3395
4730 5806
1522 5060
7561 5813
5960 2963
5379 4765
834 6779
4426 3002
1643 760
9737 5680
7148 467
505 1943
9634 7759
8802 2135
5502 8510
4733 4486
6197 5200
8456 2187
8040 250
211 8110
1214 7007
4920 2526
4381 6558
5624 9358
2311 7927
5135 6877
7121 6843
5561 8512
6831 5983
2143 7567
5131 4876
4297 4585
1973 6759
8440 2724
9204 8664
4347 4389
1195 9161
6382 616
5030 5085
4964 989
6499 8938
7353 6623
9806 4548
2362 5346
7189 376
5472 7176
5098 4609
2055 8880
6759 1195
7052 4589
9723 6290
2773 126
3635 4917
1611 4366
3652 5277
3987 58
7764 5012
3514 1131
8664 8596
9630 1328
1224 9869
7577 89
863 385
5256 6465
1343 8912
8091 7897
9569 8668
757 8813
8890 9640
114 9670
9529 8434
168 5371
2716 249
2391 2037
4146 189
9354 9086
556 4834
7807 1364
5453 400
3779 3199
1921 9083
5142 4045
9561 3866
6542 1655
2708 2533
2584 1394
2585 5296
8009 628
9488 7742
1874 1008
8625 8548
2722 4336
1845 3244
1013 9854
841 690
3290 79
1040 3071
5635 5756
8648 5839
6149 7487
2197 1585
8256 9846
8297 6779
2440 4775
2021 9479
465 8865
3369 9565
7482 1898
4711 8030
1840 9610
5494 619
3667 4739
9874 3504
3205 3243
2129 6609
7934 2168
9393 8607
1582 8872
5356 5270
8522 6409
3069 790
8807 8891
2525 6892
4213 7504
6534 1677
178 189
2073 5375
8000 7665
9050 3267
3040 4910
6169 2594
6029 9144
9916 7955
1798 9289
7783 1831
755 143
206 7649
5113 195
1857 7157
3208 8983
6646 6348
3953 6859
2245 8929
4965 1659
940 3788
1081 521
547 9640
9766 3122
9226 7234
5452 9504
9790 5840
4903 2556
8778 1340
3594 9037
8138 316
2967 3234
5643 5968
4960 9703
1519 3879
152 6839
2268 6077
5123 671
5812 7733
1164 5739
9375 7087
5477 8623
9684 5143
6857 6468
6103 7738
174 4541
1404 5893
5654 8932
1385 1132
1220 3574
4970 1059
3323 4296
1694 5532
3554 3317
2319 6174
292 821
1599 5679
1332 6747
4638 6750
4830 1147
5191 3023
1337 1558
8938 836
7816 9619
6341 8548
1312 5052
4747 7674
995 3650
5142 429
2347 254
4617 2087
6674 694
3870 501
2174 6008
7327 8986
5882 5429
5248 6832
2144 1565
105 5020
3475 5219
1745 6141
6296 4844
3877 6145
3316 8202
3401 6883
5904 656
4069 8565
5994 193
4417 4869
9206 6073
9659 544
4017 9351
885 4416
1717 1653
3036 6483
8009 2054
402 5386
6192 9083
7389 1594
594 322
6393 3858
5479 9020
4120 8729
143 4553
7370 2564
112 4867
1208 6386
9783 8003
3385 7316
2623 1427
8519 4427
2527 6834
3468 255
5933 4989
1495 1690
9664 3632
8907 6527
6724 5721
4614 7674
8791 5829
9790 2694
4560 105
8375 9749
6031 7423
6226 7503
6767 4475
8448 73
3624 6425
2228 1505
2354 7317
8326 7957
851 7
7587 1437
2105 2905
5234 9499
772 6006
6482 941
1786 9824
8143 7340
7070 3518
9123 4501
603 4097
9576 1634
9978 3361
1276 2164
4051 2952
6846 5790
9231 1355
197 8145
8940 2865
2464 4800
9706 4881
6872 3615
3715 6300
6321 4157
