841 458
624 299
237 99
930 228
574 701
233 286
19 858
788 431
435 490
542 707
327 732
978 534
69 401
437 219
638 406
837 306
457 614
264 585
673 433
767 282
257 678
825 813
640 168
676 602
440 944
590 221
24 550
825 54
361 229
309 155
245 763
168 517
739 609
193 652
23 637
290 952
175 810
579 229
857 497
330 201
256 934
0 406
925 249
928 935
609 999
953 640
897 908
299 438
866 967
646 256
684 235
885 161
835 846
810 955
520 527
811 890
343 57
682 578
658 614
154 933
194 226
693 349
381 446
771 731
723 436
756 537
378 542
711 914
474 590
43 36
419 841
298 487
706 933
390 261
875 379
75 438
160 763
284 918
87 236
602 501
281 948
367 956
615 586
649 767
111 613
522 859
45 105
707 21
349 286
209 220
164 308
592 828
134 159
44 464
849 354
966 187
641 155
507 235
470 604
1 635
495 9
58 52
681 787
339 15
187 400
527 129
513 972
268 619
568 784
407 837
793 413
603 215
31 621
508 676
410 527
386 387
630 597
705 83
509 955
701 402
169 494
235 626
62 471
75 121
308 51
577 667
154 64
227 982
221 830
557 530
377 583
320 843
119 412
945 204
732 526
717 602
866 126
370 530
687 10
257 592
699 100
608 725
928 864
868 204
498 553
955 689
973 185
527 838
870 708
823 156
482 671
296 242
146 323
272 389
944 784
83 548
571 743
438 487
558 672
713 508
96 36
914 549
620 800
348 345
672 823
479 637
226 195
616 215
375 392
425 127
309 189
828 163
696 8
737 21
914 116
886 179
843 945
894 74
393 593
290 80
240 626
676 709
122 13
35 781
762 594
857 325
427 102
408 399
581 290
922 363
727 889
456 788
976 326
538 981
839 47
550 742
323 938
148 15
813 842
933 135
530 414
771 233
4 70
20 892
47 275
232 278
193 698
706 204
395 485
204 752
244 526
394 40
333 889
169 359
711 157
232 546
344 230
316 905
717 170
594 32
426 701
558 984
628 164
880 911
855 67
734 737
35 3
276 882
89 548
248 385
60 898
698 842
739 239
232 112
298 181
968 428
136 86
580 18
23 169
249 820
773 595
824 666
215 815
684 127
156 145
88 502
718 114
45 533
227 842
800 780
938 367
760 512
744 606
405 545
514 485
60 140
28 234
535 565
504 932
457 173
19 12
815 676
697 999
250 612
345 307
41 50
362 275
724 672
893 801
891 675
237 167
428 775
73 227
628 90
738 316
501 388
743 997
653 801
750 133
191 280
893 751
771 603
286 117
376 459
305 917
106 975
796 301
519 193
798 584
707 901
57 12
867 199
157 655
902 720
65 519
847 44
940 67
64 76
106 529
729 379
818 68
534 630
68 97
14 53
296 903
872 673
177 888
656 609
545 696
686 973
286 906
383 478
90 209
846 232
568 210
107 413
362 939
83 687
800 616
752 217
858 810
47 194
575 204
159 976
182 580
249 309
82 425
51 208
346 607
535 795
950 301
889 933
150 919
549 931
140 917
534 631
698 951
924 509
758 243
885 942
218 117
875 523
255 649
966 984
610 536
577 482
527 197
863 638
354 259
840 616
972 933
903 277
378 809
67 173
802 594
933 600
719 416
225 452
299 390
805 128
444 600
686 169
279 575
546 278
161 971
489 353
421 420
861 877
375 420
224 263
511 492
956 514
546 418
53 531
770 196
595 437
237 788
36 610
371 39
830 904
89 803
258 675
626 869
612 316
293 333
615 734
194 111
117 728
446 238
828 564
399 366
148 452
985 966
749 131
974 329
62 615
260 64
872 417
576 965
73 582
24 694
780 238
230 612
341 230
441 400
602 188
974 425
294 351
763 252
799 88
276 856
863 561
590 652
23 936
209 352
871 7
987 237
235 996
975 154
504 584
205 356
260 526
955 704
970 171
529 296
101 244
665 97
260 112
836 739
339 425
235 91
836 909
152 307
386 651
265 650
559 526
76 319
562 145
199 163
493 672
658 755
914 719
914 425
620 886
977 838
25 661
17 974
885 530
552 48
514 492
196 600
659 810
175 946
8 261
22 605
644 655
76 530
74 863
364 176
270 827
283 926
640 448
140 620
546 800
645 286
667 664
846 373
125 861
18 332
976 51
678 564
433 922
838 308
485 693
959 89
752 568
607 438
866 213
112 280
9 147
268 177
962 828
211 839
40 346
543 336
415 341
385 59
258 587
292 598
792 972
974 232
405 793
543 163
797 169
795 208
396 704
1 446
665 804
974 336
721 156
108 378
631 376
11 776
513 47
122 979
366 449
542 625
667 826
737 496
669 368
470 478
48 585
377 440
102 763
860 629
580 425
19 903
534 679
657 333
35 387
932 839
795 376
475 576
708 720
343 113
580 5
751 400
57 356
126 420
237 22
624 131
589 669
162 722
640 671
574 592
468 418
541 903
19 21
176 720
813 310
439 955
320 333
562 808
739 36
870 717
872 593
174 700
783 738
571 199
111 804
599 739
311 344
299 950
51 723
945 919
946 880
403 145
764 299
122 243
713 237
899 183
773 39
556 309
592 69
804 723
625 746
808 835
66 649
441 273
766 54
467 559
759 738
841 336
733 909
900 181
457 955
235 863
271 94
707 634
682 979
848 145
433 900
852 900
535 425
819 139
152 892
578 422
328 936
532 59
70 421
619 682
573 842
832 192
626 223
218 342
41 791
586 86
859 158
167 274
227 869
693 881
870 983
345 134
384 478
975 262
883 807
236 854
426 23
584 183
467 145
835 591
875 181
104 741
684 342
750 945
729 399
171 525
211 91
36 801
392 374
952 696
211 325
715 93
301 79
909 326
450 104
138 409
485 611
903 686
213 261
423 821
714 38
187 158
600 244
816 444
298 622
705 276
914 882
133 776
733 404
532 42
436 588
780 135
860 323
96 90
111 17
815 346
468 525
850 978
617 706
31 754
17 995
307 743
576 827
429 244
731 19
149 946
324 481
675 460
603 377
915 344
497 819
918 10
726 408
317 843
346 986
39 673
472 512
961 300
599 731
661 557
450 679
667 890
671 985
323 378
357 802
253 642
686 109
544 250
860 667
687 871
192 928
410 365
213 969
440 56
587 725
641 711
0 605
858 742
377 905
538 759
382 913
881 676
419 349
401 220
546 345
540 472
30 688
301 56
67 627
306 878
745 734
383 863
656 440
166 441
781 590
130 846
274 338
532 948
715 341
644 389
245 318
793 810
945 413
27 543
494 977
589 979
701 643
673 807
397 37
716 8
215 386
352 579
589 850
336 308
939 2
638 946
967 543
440 218
772 757
658 551
50 384
981 923
450 998
364 525
605 167
767 15
740 730
40 738
66 813
875 952
150 208
227 406
933 511
647 540
356 226
628 347
955 563
132 66
445 60
140 148
315 170
611 417
576 450
102 903
943 382
64 294
961 155
47 629
124 962
258 28
501 202
150 623
421 191
352 307
209 681
237 880
155 419
85 571
534 181
413 295
863 321
60 576
792 855
165 571
646 845
243 629
282 607
404 983
492 799
524 923
450 880
994 101
617 829
999 481
515 465
299 77
934 978
409 610
222 608
411 965
944 548
744 12
111 894
170 287
884 927
836 525
238 607
824 16
881 132
895 286
338 9
882 836
329 470
53 425
391 441
971 917
359 897
637 797
161 979
299 955
41 804
381 694
358 785
195 131
511 789
825 759
880 408
726 882
378 377
444 329
848 640
330 961
101 378
340 707
835 378
220 832
543 153
914 330
1 249
439 636
759 124
343 207
320 316
773 67
974 998
992 366
853 832
291 92
712 947
747 99
250 223
281 953
26 66
543 84
728 325
871 70
741 451
295 387
327 895
785 721
649 121
751 523
369 276
172 777
282 511
557 944
170 606
942 282
510 412
817 865
2 695
737 669
461 560
340 415
240 374
391 881
959 646
420 645
160 545
79 663
329 506
30 487
246 506
582 295
128 194
738 69
121 45
575 173
635 55
683 983
432 941
171 456
68 426
124 376
391 220
881 663
263 9
979 228
419 105
567 884
74 913
184 475
305 809
838 954
619 995
7 390
779 440
209 849
469 257
737 639
514 271
446 390
162 815
343 411
452 326
91 757
849 468
767 632
71 400
857 441
825 288
332 177
11 59
876 472
308 846
817 207
956 647
217 801
357 665
710 839
502 60
711 863
777 360
465 608
686 430
302 437
833 955
598 403
719 354
82 953
742 469
728 859
322 232
64 115
339 362
252 900
820 272
118 604
111 304
580 414
811 759
463 625
472 511
170 401
225 841
509 48
7 307
776 112
223 262
981 184
714 686
14 976
971 246
246 730
117 456
748 207
682 951
73 619
816 801
714 63
637 996
562 489
628 931
367 818
920 636
196 204
165 794
671 701
942 195
617 124
48 741
163 567
14 849
320 839
398 892
597 656
961 990
60 889
655 305
416 756
704 560
131 691
896 761
587 448
586 529
28 454
797 914
743 441
620 803
743 639
982 252
700 474
22 893
233 283
30 586
527 564
36 925
573 505
959 264
