2511 1680
9814 5401
2731 8099
8339 9460
1911 9038
9565 2167
1310 241
8397 9252
9156 6257
52 9500
7831 8996
3525 3783
6242 4376
6144 6448
5451 3920
6239 9935
7420 8700
4874 7668
2799 7444
341 893
5202 4834
9305 8148
3466 6793
2415 7768
1715 405
8856 3351
5605 1824
4363 8997
819 8942
1030 3323
9885 8855
7125 5550
9862 5022
5185 1243
3456 290
4287 3677
1266 6032
4313 8394
2763 5059
1898 6336
2961 8266
8387 8887
9170 1860
8475 5667
5500 6138
1411 2265
376 4056
7751 1835
6704 5034
752 8130
5665 160
9942 8743
316 4733
4291 7310
9543 7522
3763 7631
4881 8834
759 8274
9394 5905
585 7319
6160 2174
9434 6479
7422 4378
5143 9642
8495 9284
8698 8526
7864 1970
1869 4272
3140 6686
4777 195
6145 1610
3340 3834
8359 7778
697 4907
969 4925
1066 8531
9620 3679
6432 5056
5876 7934
7467 5566
5462 8351
4389 2945
4952 5325
4808 2300
7053 9221
5616 5260
8429 6528
7771 7925
7032 3758
6557 9734
7995 6907
1809 9051
2283 4961
5369 5055
1534 4795
230 6876
9018 8080
5107 1777
8629 4228
2796 447
7275 6071
9196 479
4910 5672
5076 8579
1896 5386
6583 3336
8172 5296
2290 6901
8762 4008
329 4050
9217 6626
2732 3528
8702 8124
697 1633
2659 9627
3035 1788
964 6424
8401 2623
1818 4436
5321 2121
6858 4985
330 7347
9184 5631
4001 1346
5956 9048
2979 8349
1199 4665
6578 981
6263 6437
7579 9253
3126 6615
7292 1863
7609 4380
6226 193
8596 1978
9104 5242
7875 8401
7084 829
4635 2349
5075 2041
5230 6549
9725 7906
9710 5939
5243 3752
8953 736
5261 4785
2802 8923
9792 4518
1280 5478
7684 7591
4736 1886
6364 6668
1142 9845
9567 9625
6769 1085
6107 7212
7340 5187
6777 1638
3552 9573
171 7060
9959 8609
818 7210
4027 2668
8061 9595
5453 4572
5259 5079
578 6803
2641 5121
6760 88
6407 539
1446 4659
7805 6128
8161 9493
4028 7406
2315 1346
1703 9215
7925 9180
1151 3730
6645 7389
6741 1227
3331 9697
6779 5379
4158 2093
6356 9757
3212 5104
9770 3223
1662 4692
7262 6969
9057 5825
7785 8877
6593 8335
2881 1962
6440 4245
4280 4959
5396 6339
7871 7033
1831 1064
7527 2417
1080 5089
8248 549
967 1695
8346 6753
2509 8659
5105 8154
753 3417
550 5303
8504 47
7967 6300
6260 6496
4769 6644
8717 5825
2380 2506
1741 5110
309 1300
308 9858
897 9373
540 9930
3500 4862
1975 9877
5738 9544
9013 2355
5061 3456
7266 1398
1253 2599
3852 9921
1709 1909
6050 6635
8994 5362
4375 960
7175 6785
6758 7557
7571 6457
2384 805
1716 7744
7521 4685
5885 8038
2192 3921
6203 3548
2501 9481
2341 528
6197 9995
18 1798
2920 5334
4228 612
7244 6408
9794 2042
1570 7709
8579 2124
3126 5172
7622 8749
5101 4448
8799 2106
9527 5976
8252 1776
2339 7579
2549 3546
5682 5236
4290 1740
8291 2229
9910 4533
3246 915
3369 3204
2828 2366
5060 5659
4451 8843
6709 1416
7488 7456
9603 5301
5885 8012
8091 3198
8562 2160
6136 363
4903 2878
8674 4553
7672 6508
8157 6777
4545 5
6626 7860
7609 4845
4747 3113
6571 3550
3351 4917
8686 2004
1709 7774
6439 9473
1886 3132
4661 5229
2531 2724
5082 9822
5653 8435
4985 1568
1980 1379
6202 1138
4143 2029
9883 1341
3530 6827
3393 7601
4862 9032
8588 6653
7074 4055
4024 2219
7847 637
2687 6006
6089 5708
5324 281
1793 3372
2891 8581
4295 2136
7309 2750
2309 1091
695 8883
7927 5653
9577 9816
8031 2934
892 9793
9412 8837
4661 7198
6923 1461
2214 9854
3326 4341
4692 5857
4152 5114
2819 1070
5267 7004
3645 2189
3848 1082
5137 4402
7941 8778
3880 326
8173 801
8692 2868
6666 795
4001 2557
3229 4840
6189 7353
8502 8132
2276 7179
6495 4993
7907 4079
4530 9570
6894 2226
5019 7462
9710 7438
9065 8367
7906 1009
8766 303
6838 7353
2773 7231
9105 5022
8755 699
7144 7099
3974 8284
1024 1355
2394 3
6609 7996
7034 7663
8213 6339
6116 5196
7424 8428
1845 2152
3034 8315
7252 611
215 9060
3291 7570
3032 9059
6047 3536
4763 2169
6192 9298
3229 37
956 5909
2031 8858
5647 9159
9174 3634
5317 2782
9644 3455
3423 8617
7349 7497
9668 7057
2444 9834
9375 2283
1115 1202
582 1053
9338 2199
5531 4890
2462 7212
3099 7084
2627 7773
7507 1149
1652 4308
2323 9234
2967 8108
4747 6469
4262 6528
8609 1549
359 6574
4661 7004
9102 269
2876 9589
5640 1832
2696 6663
8120 998
7609 1131
1583 5879
540 9142
4148 6510
9937 8779
131 8742
7051 480
1266 4114
5553 5979
942 3060
641 5722
4868 9097
1348 8892
2683 8432
8029 4270
1823 8805
9643 7542
3785 9503
5725 7733
2585 3858
6245 7565
5846 9329
4965 9856
1196 1060
8278 7872
7540 9233
7512 5528
6465 8650
3860 9926
1190 8868
7389 7379
3718 5823
9012 7489
6883 9766
3995 9552
120 1541
2977 2556
4066 8290
2396 3655
3625 314
5477 5374
7596 9497
5405 5835
8330 6212
1886 8487
5069 6503
9164 201
1585 9318
5498 4944
6547 6994
2536 8377
8852 8475
8938 3501
5597 5500
8821 7113
5244 7527
6338 2475
9804 5774
2037 1991
1123 7851
4311 4564
2484 7261
9630 5813
5253 32
2879 9751
8268 5111
3018 4996
5954 6408
2452 9666
5257 2932
1058 5020
5658 3137
8257 7466
5335 2422
5202 2415
5135 6851
8322 4671
5519 6715
3080 5867
6518 1279
2008 5803
9825 6104
981 2902
9813 1312
5219 7889
8556 9117
8025 8562
1350 3067
6005 4207
8624 3061
3578 3656
3682 6288
4517 8302
1075 7316
6653 1038
6263 6776
6121 6574
2200 153
5387 6467
7074 4422
8714 9037
6984 8187
3933 6655
597 5544
9715 3935
3053 1966
1424 6390
7362 2165
9106 868
6018 9229
8178 7683
6141 895
1541 9286
3716 5694
2050 3679
509 5696
5774 2138
8227 2611
3395 9801
9130 2894
3631 812
9009 1157
5241 5692
7472 5288
7630 2517
7089 4137
6825 3470
4747 1160
4402 1142
3705 6909
861 4061
5081 9488
2835 4220
1472 9688
2270 6530
7690 1199
7197 5196
6720 9215
680 4831
5586 6395
237 869
7764 764
424 9218
2822 7767
9794 8658
8330 6807
2304 2914
2138 9132
1005 8631
7506 9039
5010 7918
3161 7776
3265 5361
7005 3903
5057 1699
4172 5444
7651 4089
4591 7019
1123 8772
8481 6287
6250 8127
9709 9378
6960 737
5445 7382
495 2848
4863 2907
3155 7395
8762 7334
3230 6817
6798 5834
6472 9579
2546 1445
4115 3283
6583 6682
6636 8728
8769 9158
6173 111
1653 977
8752 7215
4398 1043
2126 9225
7226 161
9510 371
5121 4179
9289 79
1638 7571
5825 3260
102 4691
3730 4425
7038 699
1865 785
9353 6702
2545 6968
9654 4553
7540 7680
8136 775
1247 4296
1223 3108
2398 5650
3108 6764
4566 4271
233 126
8145 8666
8655 2242
9300 2302
1945 6804
8669 5716
3246 2477
1576 6973
196 5693
993 3064
8727 8599
7779 192
3850 9896
9375 7477
6724 9093
1993 5542
2347 9616
4108 1352
31 5670
5389 5750
812 1033
3308 901
3203 6261
9751 7954
4307 7041
4858 5290
8897 9636
577 21
4742 1490
3726 5712
5879 2705
1317 9414
3344 6588
6276 4059
4794 9491
8480 3157
9612 8381
4875 1239
445 5019
4242 7531
5031 890
7923 6843
4231 1685
603 779
3489 581
3933 3127
977 3766
4735 8085
1932 7399
3775 3127
5285 6445
8643 1007
6971 6308
7613 111
6928 5156
3933 972
900 8252
3616 3198
1695 8893
2887 2103
9214 8725
4306 3405
7509 8839
5115 1526
1987 1908
9792 9375
6003 4152
6408 9177
7071 3731
7062 3584
8527 34
5707 6601
7918 3529
8998 8488
2749 5152
1079 3499
6833 3655
5745 39
6936 5767
4861 8125
9337 3223
3995 2440
2089 9687
3044 85
8490 4749
907 9263
8254 7850
9457 2471
4713 1895
3096 4845
9124 5249
6191 9997
9358 223
6716 9448
4861 3244
7241 8318
5330 9173
7653 7685
7851 6480
8746 9
4354 2326
6478 1216
6610 2880
4835 4233
8217 9562
4522 6048
8489 2902
4165 2752
2281 5983
6265 5942
1849 3720
3762 3037
9011 9473
8256 5756
6092 4405
9632 7080
2889 9411
4725 3879
9263 6391
4837 9682
7795 4997
6544 1078
8432 321
571 9016
2118 7837
3579 82
7887 5824
4141 4335
9726 160
2387 110
2897 572
5480 4150
5765 1080
8948 5815
7400 7973
5595 1800
841 2092
8735 4803
8443 6423
6726 4233
1753 7773
8647 5123
8676 9304
430 9062
7400 4533
9711 9906
3341 3175
6151 3752
360 2104
2013 693
1633 5709
5016 2111
2368 5220
9722 2090
1985 1981
2938 792
7926 3314
6768 6027
844 7588
3737 9192
5125 8660
890 1802
2532 4283
5233 6160
4408 4727
2678 3396
6944 6770
9265 9833
9580 6112
2870 4592
8436 4357
5051 3495
9298 9776
7802 1023
2762 6520
8753 600
9418 9746
2839 3467
2172 284
6825 1316
9160 5513
9570 6185
102 505
922 8524
5970 3701
6709 8249
6888 1076
4476 8988
8415 8172
2921 5874
7938 3544
4523 5914
1721 946
5194 3305
3382 6542
3204 4790
5739 8755
7926 7288
1785 2887
390 4986
4052 4837
61 5224
2658 3790
3282 1770
3314 8569
562 3258
7529 3752
8427 6642
3239 7161
9671 9991
7769 1733
8455 7612
5559 2601
6693 7653
9533 8734
2635 2025
8439 1495
4737 2914
8214 134
2769 6997
5855 9916
2711 1336
4611 2044
4645 7477
5481 7274
1443 122
150 853
7315 9193
2975 8909
6627 8371
1494 8259
4459 6988
6736 5325
8342 9275
9655 3410
3581 8113
507 6392
8511 6499
9331 263
5837 949
5889 8313
6113 9317
3172 609
9311 593
7415 6902
4036 1671
2086 4906
6171 8871
2529 8699
9119 3334
8553 7317
2826 1954
1752 9153
8187 7053
5005 8559
6470 7784
4724 1467
2486 3197
7364 4431
4318 8873
1522 2293
1181 7172
2100 1975
4735 3790
4448 1221
4672 264
1921 1218
27 4348
5467 2844
7137 1211
2262 5494
6789 4897
6087 2852
1748 4518
8365 8913
707 2851
1350 1040
6784 9823
7874 2558
3066 7254
9071 7312
9901 693
1315 5999
7381 3188
2697 6684
1972 1312
1426 5905
9246 36
4780 9654
3265 6659
5937 8125
467 2661
7158 5051
4964 8636
7748 4483
2706 9393
3556 1968
7050 3632
5474 8558
5196 9981
9156 2902
7784 3409
3892 213
9221 8533
4489 3735
6097 7737
2164 4757
3122 7874
8150 1560
746 3454
9359 2217
5337 1461
3057 2184
1324 2830
2099 8788
1636 891
6193 4333
82 8498
9041 6196
5502 3176
3680 5323
9702 3772
3083 5486
6755 9550
5930 9886
232 6042
550 7430
3092 821
3276 4668
3078 4851
2217 6006
4000 722
2069 5845
4164 3574
8252 8451
7756 4306
1063 3093
6726 720
1370 5068
3243 6269
7302 1022
6529 3924
9374 7452
2294 4373
9687 1104
301 8818
5577 7046
2549 2742
4690 211
3893 9874
4458 4774
7412 2085
4993 2585
9556 1912
8820 9107
8703 9491
5918 9086
2217 3007
9467 8753
581 6009
9064 1465
244 4112
4038 2873
9383 635
78 9690
9654 1882
4334 3184
1882 8183
5265 8300
852 712
3533 2855
8273 8437
1382 2898
1924 1072
5456 7367
8275 9798
3218 8523
1343 4448
2341 1314
6346 2518
523 8543
7485 6097
6845 2103
9489 6795
2509 1297
1371 7638
6890 3276
7877 6053
9906 6701
2503 171
3746 4339
9493 4366
7736 9593
1714 8967
2409 327
690 1674
1183 8293
9277 1644
9962 9278
447 4261
776 5196
7164 8228
4287 6198
8433 857
9718 2787
613 707
3332 9065
7631 4903
3888 7463
6865 8633
4903 1723
578 9482
8125 2289
6842 2399
1850 8584
9478 4378
8678 3906
683 3495
7551 9433
7159 5396
1670 2441
6835 2669
6458 4941
7748 4596
9037 4217
7633 5306
9843 962
8479 348
2232 5717
3416 6365
4817 9099
9899 6764
9258 4103
8301 8418
8287 1928
9452 1402
1895 5954
4611 3949
3082 3731
6986 9913
4003 469
8405 7885
1776 2943
8861 2468
3494 8440
3612 4811
6434 1097
8402 9169
9226 4157
6324 3962
322 1593
5972 3455
6827 146
3835 6758
4229 7775
6467 7210
5285 9372
7202 1943
9426 87
7424 2612
3034 7051
7977 1357
7073 9047
6014 7419
569 2155
9910 4307
8365 6446
8658 4744
1351 4014
3855 7485
8098 7269
9348 7771
3161 9700
4282 4667
2590 4655
6524 3793
1879 4228
2484 8118
4611 6810
5045 128
2475 8594
2103 1376
5891 4444
8188 4983
4591 6345
2881 7350
5298 8088
4945 2289
5714 9920
8147 4238
1752 1593
9300 2480
9363 951
5327 3563
4604 3476
4905 1987
4692 9256
489 9046
1945 9335
8468 434
2600 8888
3175 4740
2124 3742
9949 4718
6036 645
2641 4516
4003 90
3645 6932
1777 6951
5824 2015
9519 1546
3231 56
3080 2497
8450 56
1634 5188
9183 7020
452 5950
52 9164
6610 7049
189 5576
7939 662
5222 3217
8980 9302
7707 497
8901 392
5339 9464
2496 3855
9274 9460
123 7775
373 3676
4723 7893
6065 4601
9352 7664
4652 9713
5448 5007
6773 6370
6723 7687
1752 9864
4750 7377
9697 8731
4435 3887
2882 4536
8277 3657
16 313
3169 4969
5111 404
5216 750
7453 3405
1513 753
6068 7849
867 8786
1017 3600
4936 9181
554 5598
4533 7359
9237 4182
655 5279
7339 7667
8783 875
6659 3117
7630 3024
7050 5796
5259 4325
4121 796
5321 133
1823 8214
2950 6919
1869 6470
230 1404
3120 3574
2559 1796
9353 8775
6972 2061
9897 6382
4933 9625
3848 7267
4262 1290
3668 1202
3819 8621
5255 1019
9229 9777
9473 4844
982 6450
5764 3353
3873 4070
3967 4741
1693 3411
962 7376
8128 7723
2032 3229
2968 7318
5747 2495
461 2891
9625 8207
7778 9402
539 7165
1466 9128
7503 6224
1175 8087
867 6555
2173 2305
9962 4463
2790 5298
8948 1671
2766 3632
7477 7124
4447 5160
8231 6133
6583 3477
1115 8242
516 2367
7451 1525
9282 4062
5451 9382
716 8378
910 178
1262 9601
4213 1559
3227 8115
1538 6159
4218 2830
6091 9238
7099 6449
8202 4377
6280 2031
7712 9405
343 1474
57 1817
5915 3528
2523 1074
6313 2367
8009 3825
329 905
4837 6434
2579 8700
5873 940
5448 8425
2534 6760
7459 1814
6174 8304
9156 6218
2443 6693
3436 5109
2219 3084
5192 8842
5427 7879
4 1385
6968 4684
2672 8477
8412 9044
1936 8255
7814 4610
4317 8501
5082 1197
713 1307
1400 4828
9199 2380
5025 398
4073 61
9459 8179
2092 7718
3621 7162
4046 7678
4782 871
9800 3282
897 6640
6838 3025
2402 9477
5707 1959
188 6442
1505 4372
1211 3363
8238 2905
7796 6955
306 4158
4421 272
7309 1090
3111 5054
6605 5104
7168 5158
2405 8331
2405 7835
1978 1718
7756 6074
2215 8995
2591 3139
3728 6677
7485 1064
6243 4579
1978 7025
3146 2236
3703 4889
461 4530
4812 8008
6645 3029
4882 2542
7212 2029
5805 6441
8687 5410
1367 6211
757 1691
3880 2812
4905 9282
6384 2831
5587 7041
9591 7907
6742 6315
1787 7616
962 1641
521 6908
7721 8991
584 8194
5983 2651
6478 4333
5834 3385
8886 3574
7737 5606
3081 6536
2273 7503
7929 1660
8499 8548
973 4950
6649 7087
5670 1211
4831 171
8049 2862
3694 9155
1029 4789
6883 6345
6700 5036
4575 1327
5454 6502
7431 9573
3688 4188
3452 1167
2492 8468
3189 2802
7026 1886
9912 3388
5516 397
4568 6445
7608 9201
6167 2950
750 8333
1645 1804
5785 794
3809 984
5731 8311
5284 4750
8376 6475
701 9976
4412 7545
2110 3087
8121 6511
6886 5686
2353 3227
9568 6290
7362 5161
3721 6426
9991 7950
9551 5751
7691 5898
1124 3127
2008 5214
770 9173
30 8490
1529 2141
9839 6081
6179 9214
2198 7052
6760 7552
4632 8247
8653 9567
7396 364
2056 6164
6148 9578
2766 1326
4245 2561
2814 2802
82 3661
5174 2364
4108 6861
8291 3537
5207 2143
6662 35
8590 2122
7521 2912
887 8359
6786 9431
8512 6380
7686 8247
6632 1878
1183 8358
1243 3987
2896 571
6854 4346
6229 1002
6504 3959
623 7433
7369 2007
1149 3347
4676 9596
438 9512
6656 9533
2147 8030
141 8158
3498 4137
4297 7799
3076 4643
4898 5395
400 8072
277 1031
7665 8272
1670 8413
4034 7433
7881 6077
826 289
5564 1655
9115 61
7511 4335
9972 8569
6844 5365
1494 3501
7113 5648
9059 5464
9261 8598
4706 251
7270 1578
96 7812
7304 1731
9568 5590
7178 6853
899 4561
2139 7935
5763 7572
5538 9488
521 1227
6643 1702
9166 8406
4877 6773
9951 7769
1168 2768
9017 153
5980 3798
4228 8762
2836 1228
6924 1842
6561 4548
6091 2488
3764 5783
9218 6735
2723 3652
7462 4505
2405 3189
1303 4474
4760 7210
6059 2586
6287 5108
8506 1462
7642 672
5282 3508
9997 8253
4875 6865
4531 5692
917 474
5835 6740
9357 323
1456 8303
6607 1238
1526 6309
4469 3515
9296 8771
509 8448
4447 3127
5512 6038
2933 9578
687 4665
2600 4474
9857 5305
113 1155
7879 6265
2932 7418
6904 5268
2874 1654
8840 7463
4090 5131
7867 4766
5095 4916
5736 4943
659 1404
4824 1229
3313 3594
3566 4858
8407 7927
912 7005
3250 2684
5011 6539
1284 2956
8694 5653
2328 9196
4213 3118
4726 7339
5933 7736
1170 3362
7679 7146
9887 9961
8030 2175
5921 7746
3970 3869
7504 6310
9039 385
1224 5211
287 8292
4126 2175
1036 5260
9037 9172
1178 1954
1181 8296
3665 9051
7173 1711
3960 6661
6696 1583
9580 1056
2651 5448
1441 2230
8166 7342
6656 1112
2153 5797
9150 2087
3670 5303
9469 3500
7324 8324
6171 6100
9300 9559
1912 4572
1236 1585
822 5301
6752 7237
169 8627
2641 3535
9773 4872
8414 8113
1479 3864
2759 5628
5252 1816
5024 2455
3917 2664
3130 9727
9020 4314
5661 8124
8120 9151
5842 2123
8525 9021
6862 3133
3703 4590
9080 3019
2300 2183
5883 1508
1337 3843
8614 550
9733 9020
7665 2932
2002 1270
5611 8330
7073 3944
4734 9178
6085 7063
7892 225
3616 4497
1443 3996
5114 7539
243 5617
7489 1112
673 1627
2570 6926
5020 53
3700 5478
6156 674
5037 4248
1314 9399
5151 9393
4635 6886
7506 1978
9502 8280
725 3254
6597 7989
7303 1735
6728 7875
1408 30
3812 4505
1133 2269
2235 6559
6551 7787
4645 6884
5845 995
7093 3724
440 3369
2934 2324
5396 2059
7588 4162
6511 191
3319 1614
4322 2767
1033 6487
6044 2701
2345 9603
934 9893
4872 5047
1137 1022
2625 6111
9243 1212
5590 5851
9697 1797
2709 4855
7391 3789
5945 4133
5970 7905
9245 8840
8286 7197
1579 9440
6251 602
1795 6589
8522 3432
4823 1217
3830 2499
691 4087
4358 9413
5818 5306
7743 8936
3355 8900
6325 5398
706 3412
1842 9055
3195 3866
2528 8406
1778 2818
5248 8936
6198 186
5005 8810
9292 2578
5082 2047
2159 4431
5016 7363
5365 7324
3668 5222
7052 494
5309 3592
8292 1538
8947 7101
6 1878
2939 2766
6242 8977
9695 3580
9159 319
5266 8081
4938 6300
5825 4133
8329 5228
7493 3290
8762 3733
9285 5188
1757 4651
1001 8952
7552 9062
2697 6288
49 8721
7443 1065
3934 3073
7916 1849
6120 320
4286 128
7254 133
9775 3674
7718 946
1762 2669
878 8890
1639 2822
3489 748
4093 9226
4541 8065
6056 8796
801 1406
14 4042
5627 2726
2155 4196
2127 9488
884 2763
8756 768
5224 7473
6361 580
9139 5794
245 5757
4108 7822
7980 4136
3406 6691
525 9432
2564 3971
4984 226
1053 4807
7485 7925
3984 7840
6336 1012
3161 9109
8760 9985
9088 9342
1015 1959
8971 6908
5651 7860
9818 5650
2435 4001
9072 8004
7094 2192
1457 3915
7932 7121
4903 1843
5304 6769
9279 4977
2957 6127
5696 5379
4678 6364
5979 4374
4370 7807
3486 2830
8892 562
8099 7654
8408 8268
3798 3540
986 4188
2371 8312
9760 2126
189 1601
6640 5101
1756 1164
5180 6214
2222 5514
4897 3829
5758 7836
6000 1615
8977 1390
2675 7275
1501 7565
2225 1245
8756 9206
6829 5647
5918 1965
9593 8654
5542 742
4536 1039
539 980
7408 7613
4646 44
5070 9537
8939 6053
9780 2444
7848 5694
8334 5939
7610 8203
4626 9111
3903 3278
1493 7727
1959 2526
8938 6981
6132 3495
9141 4331
4656 5630
3310 1672
9309 6414
1393 226
1527 3668
8802 9657
4294 8083
5039 2190
6960 901
2413 4511
7387 5599
1748 3136
1040 6464
9943 8326
6651 3126
8219 611
495 9709
8409 3738
406 2580
5406 750
9334 3709
6895 1051
8144 2881
7882 3744
4801 6894
6760 3704
9515 8271
9903 7956
1646 4150
1988 3494
6880 5832
8253 2253
7132 5317
1189 7512
8070 9234
5912 8360
7388 9573
2094 9158
3145 6812
5701 4174
3427 7787
678 6215
5684 464
5578 8384
4389 6021
5734 5753
5574 6033
4449 6939
9211 4523
3462 7397
2673 8140
7829 3636
8702 5343
4019 1758
8949 9160
466 8843
5785 815
3148 9872
9401 7432
4377 1369
9178 1504
2800 9219
9522 2197
3081 3651
400 1746
8177 1622
7306 6390
2615 2710
6366 3312
5907 6102
9434 7017
5478 235
9511 3998
653 4822
4271 1881
9183 162
8383 6187
3030 534
1048 1496
2874 968
5344 6382
2024 2543
7557 8531
5762 4243
5953 9963
5137 1939
1753 963
2421 850
1440 3389
5373 927
7833 2248
4705 1887
9466 2827
9964 6057
7979 6622
4136 9134
4765 5476
898 2179
3927 8265
6684 8637
2876 5508
8417 6232
4697 2314
5459 2788
650 1151
7952 6956
9900 633
6403 6500
9005 9523
1191 2334
7344 1562
438 7145
8380 3672
7440 8584
4244 7066
6599 6602
305 5408
1687 3290
2236 2689
5955 5845
8328 2905
699 7764
3563 4800
1849 6821
4301 8215
1626 2090
9898 4946
8186 8190
834 9693
2392 8383
3311 1564
6121 9821
4630 3811
3992 1869
4486 4078
8699 7706
5358 9678
9824 5833
1643 3617
9991 775
8271 4812
473 5393
3789 8696
9670 6463
4497 9287
2493 2863
1613 2305
8948 1098
4173 1551
6887 2277
3996 6755
3469 6293
5792 8178
822 4575
4992 4672
9328 1180
1093 582
425 5254
3518 8849
3887 1394
8126 9978
7715 6570
9489 2222
8092 8373
1932 7962
392 3285
9313 2293
6221 1516
2498 5546
2062 8716
9757 8976
7513 6810
7605 712
3245 3134
2625 7090
4489 3242
7790 7819
9519 1348
5776 2839
1735 4562
8741 7240
2032 9729
4010 6185
6433 1874
3287 9849
9646 8178
5558 4199
9990 52
6290 2118
169 9693
857 9037
2919 1643
3651 542
1268 2771
973 176
7143 9510
2350 380
6753 9231
155 1905
539 9515
2053 5060
7769 6358
992 4983
875 9486
6591 436
705 5446
1291 6775
3966 9993
7139 822
4134 8473
3117 8397
577 5875
5978 3562
1825 9473
8183 2834
3296 9340
2959 7054
2099 9195
8031 2742
9227 956
6882 7079
3418 7614
5578 6500
2034 5481
4096 2295
7865 7947
9123 3154
3369 8079
1836 4807
9908 1900
2162 6432
772 5607
585 9755
8800 4982
230 4294
7691 8019
877 1827
519 6872
2923 7576
3479 1437
7376 1222
3522 5996
2356 7267
467 5181
6970 3430
4268 1507
3218 6399
7483 9762
2312 3120
6437 8619
6185 1868
863 4533
5526 2779
924 2058
3410 8471
5073 2507
6229 9014
1892 4129
8499 3268
3266 465
1223 5068
4191 5627
8344 4258
7048 3184
7470 6672
2709 5661
3965 6412
5339 2984
4640 3731
6174 6662
8706 3284
3123 5782
7973 4059
227 9134
5765 168
7611 7664
4822 7611
6865 5288
3866 6223
6177 6565
8736 5008
4885 8113
9158 5098
6659 4127
3055 5136
9280 5984
6303 1509
7778 3938
8211 6298
9251 8774
7997 5333
4322 3884
925 9194
2292 4621
508 4073
4744 5029
8530 1427
6951 11
9175 2010
8746 3182
2070 725
1030 1485
9246 7436
7042 9619
4274 22
9433 9134
5760 6797
7595 1883
2111 2491
1982 2847
5809 9427
7442 4
9416 2718
4113 8398
357 8560
8613 7353
7179 3254
2052 5921
4802 3743
3399 1133
3576 4148
5640 3673
4786 2581
8633 9167
3856 946
1474 1602
7470 7570
6114 9542
7750 9364
9415 447
1331 1680
4376 8132
4369 376
5855 3664
8752 7424
5428 7381
5176 9767
6469 7581
1590 2337
8098 4430
3716 4275
2180 6601
1078 8187
8126 8912
3089 1369
7707 7729
934 1613
1239 9396
4124 1390
8442 3821
2140 6260
2975 9629
8966 1396
3026 2892
1856 6805
7432 8235
8303 1171
3417 9241
7006 2128
7304 7060
8139 7746
1747 410
625 9373
789 3115
8592 1549
6457 9356
8233 1279
4730 763
5365 6573
2261 2554
2342 5013
9824 6442
3397 5878
100 8886
873 4150
9973 1464
5417 3378
1170 8460
521 5682
152 9919
2801 8056
2593 3475
3836 694
3706 2194
6283 8217
3394 6204
9193 4005
6525 9648
5370 6558
5097 2387
348 8033
7208 5199
2560 2381
4412 3739
3570 4865
802 7139
3635 2675
9524 4020
5144 9834
7954 1894
9291 3433
7131 5702
5327 9833
9157 6431
6690 8354
8316 3349
7403 3077
4887 6046
6226 2360
9862 3692
639 7647
7112 3723
6378 5219
1241 1364
8209 3378
2824 1036
6713 9684
9750 6156
6796 5541
890 3309
33 1059
1266 1327
8665 1222
900 5111
6420 9750
5491 6723
100 8894
9277 3451
4554 9052
8305 4310
173 5457
7518 2694
5225 4699
902 3873
3747 6076
9153 3213
6475 3255
4702 3607
4874 135
9220 3839
347 5244
3127 5668
2790 6851
3143 3128
9223 7472
4978 6783
4157 9355
4137 2682
1183 100
1695 7914
7673 68
9102 5139
7700 114
8100 3135
7619 4094
2075 9595
3033 989
7559 7410
5241 2034
5352 148
5909 1173
8511 7123
2360 4147
6428 8922
9295 6882
9334 2475
5953 6639
3076 5971
2288 5894
4105 2811
456 1773
2621 7870
4788 3534
8517 4242
9104 2079
5397 7621
6648 8463
4892 3573
7135 1871
8317 8364
7021 1082
8254 2615
9040 2867
5289 5361
2499 4714
1152 2160
1084 2778
9245 8476
830 3954
1015 5015
9791 2606
1105 8046
1428 2913
5821 2379
2297 5153
2142 7843
3133 2127
3355 8115
345 9922
3567 1714
1361 9519
1885 482
1555 1079
5088 4713
2349 9949
2337 743
7659 4978
8450 6307
4622 1887
3895 8422
520 94
3972 8019
3891 2310
4321 5394
6193 5137
4443 9592
254 9339
2580 4149
4818 1657
9066 9353
8787 8084
5493 2819
1112 2785
8314 5816
6472 8030
6317 9421
4480 427
4035 321
6083 2594
1909 9193
1052 2884
1649 1753
7871 5810
122 4844
2253 3237
3999 7121
1558 3274
2041 7330
6841 5213
3934 3025
9447 3393
6947 5362
3414 7738
5167 4255
9569 5895
3562 8796
3773 2319
1604 8952
1302 4199
1874 3964
3767 6925
4355 6691
7225 4772
5952 5750
8339 3740
6242 8739
5055 1117
5806 8793
5037 9584
2731 4899
5617 6698
6533 8478
56 4758
4073 5449
4040 5470
6624 9592
7941 6
2985 3909
2927 469
5903 9028
7897 7472
1770 2385
9301 6101
1505 6712
8426 7057
5261 5472
9464 3550
4792 4389
3218 6157
7236 2032
3402 5803
7609 5174
4858 3875
6534 7098
4110 3921
5913 3343
2288 5454
2921 6606
363 4989
8432 8705
9553 368
5751 2666
6776 4376
5209 4706
5647 3687
505 402
270 6900
2960 8055
747 650
9838 9942
5305 4285
1698 1260
1115 7626
2564 1296
6679 682
6864 5880
7653 2947
6253 5301
2454 1835
347 5292
5858 4842
9996 6833
1913 7514
7289 4194
715 8638
3589 9293
6868 4380
3486 2671
7903 3688
1119 9706
5483 2511
7827 5923
2619 845
9605 7621
758 8795
4179 5093
8127 504
9040 8019
4416 6723
7992 7321
6943 3650
4510 5955
307 9907
5490 5596
6559 6028
7022 8593
8108 0
7247 7299
390 9713
7153 7551
7645 4797
1587 9618
9483 3255
2170 3611
3589 7346
2690 8865
1451 7292
6222 2157
1321 1381
7376 2310
9632 5146
8741 2199
9391 4050
3896 1231
1130 741
9030 7957
4429 4388
6321 3350
1978 1657
8862 2701
7390 2172
7738 7741
545 2158
2489 2126
492 3446
4031 9921
2069 8198
2871 2978
182 73
8512 8345
5533 2395
6904 1933
1084 4693
4497 230
2319 2227
2384 4173
4925 2100
8820 9010
4792 4830
3043 5578
2623 8795
8384 9795
2995 9092
5673 9925
3975 184
9437 390
4720 7352
4555 8250
2492 1203
5733 5782
4207 6697
3939 1119
4264 6142
4372 9828
5250 5774
9088 9845
1974 4055
8889 3310
2174 1831
7039 3523
9332 2883
8466 4746
169 9009
1058 9072
6226 8210
4307 9
5069 5071
2861 3720
4129 7935
8383 4134
643 7043
4899 7619
3317 5695
3581 9174
3545 693
9661 8307
7379 2734
7812 7768
6284 5880
851 4323
5171 5703
638 7476
2926 2089
3856 4170
7102 6811
616 6525
8096 4177
2881 632
3472 7894
5264 8017
5208 7424
2518 4854
8743 7406
9045 4325
4749 7346
3696 9000
1537 9957
1979 5323
9413 9611
1249 203
7650 6324
7972 7565
7501 8604
5534 8952
6907 9488
8694 1233
3905 5277
7679 6577
963 8487
2331 5477
7070 2690
7885 4561
2210 7889
2492 5761
7527 3225
5683 1598
8832 9105
6917 3690
4045 8840
1822 7032
5338 4770
5236 2522
5813 5344
604 5945
2653 5068
1162 2347
6198 7150
3216 4212
889 510
1591 6635
1879 4775
9708 695
1262 6451
7057 5975
9781 7592
4100 2795
3281 655
4109 2866
5498 1742
929 1968
8120 6513
212 9772
7143 6537
4747 1188
6969 8384
4367 9037
8138 3704
7582 4010
4255 8848
7659 7832
6056 3074
1206 4293
5844 284
6518 2651
4820 9097
4994 7004
9688 9883
1407 5323
325 4279
3380 3765
5816 3484
4057 5690
7812 7969
7614 7980
7479 5691
7896 2643
5115 9993
7638 8458
7752 4060
2721 5481
2822 9573
9794 3056
4000 4653
6622 9181
4053 5403
7212 571
360 5622
9176 8407
1272 5527
6960 6623
4793 1465
171 4778
1489 1920
665 7550
9327 7939
4820 4546
7221 8808
9494 7392
742 3979
6966 5478
8650 6458
1738 8970
8559 0
7280 7944
9770 1740
2471 633
9403 2893
7160 8801
4447 9693
4466 1221
1822 3750
1411 1608
9700 8549
8898 3073
7917 5018
4921 4618
4313 8729
5153 4567
3120 7456
4341 224
3807 197
4136 7565
8624 6188
2755 6526
9416 3074
1255 7220
3353 5817
8080 8559
4696 7264
3946 1621
4137 6733
2253 2604
3446 1978
1684 2964
3439 1226
7100 2388
9675 6614
1736 495
1724 2569
2257 4131
1153 3860
3082 5006
9589 558
2481 7005
7268 3932
9297 4130
3950 409
5237 2977
9300 546
7336 8999
7104 5585
88 8600
7761 7091
8680 8035
899 2936
1876 7140
2493 3191
4272 3415
2340 7803
7001 4995
941 6031
6461 9099
9920 6705
2950 476
4632 1861
1761 1875
2662 2777
9277 1343
6325 400
7311 9982
41 8110
8435 7223
7425 8415
9132 419
9387 6020
4252 4504
5574 6235
9008 2355
707 4473
4771 834
3957 4471
3491 9532
2903 871
4992 4238
8797 6385
3952 2434
7458 2814
8367 1437
7040 2400
6516 9510
191 3852
6511 638
2372 4261
7519 1009
1307 2598
8112 9591
6640 5788
8593 8918
6694 2734
3203 4808
4778 5690
6494 8677
7330 5101
5038 6957
7103 638
9786 5604
2018 8151
7973 9706
2571 4593
3373 3942
6460 1708
3601 9870
6412 424
5392 1974
4855 4050
3388 1602
5523 5598
5262 3050
4173 8702
5491 3641
4850 3372
7283 2034
7498 330
6370 3616
3390 291
1328 4583
5402 3373
4139 812
2541 686
1668 1038
7422 1512
4767 2080
281 5443
1940 9765
1447 5413
5378 5734
2940 4704
7123 7058
5161 8136
9291 9475
6593 2815
6474 4809
2489 1199
465 2389
6617 2388
7105 9972
5887 180
5454 1334
771 7995
7187 7418
8836 3927
5216 3304
9681 365
1806 6058
6948 342
6210 3640
3497 8617
4448 3694
6461 3734
599 3581
2738 1996
1738 235
6702 2648
4591 6039
7586 5964
4432 205
3416 9639
4815 9026
7606 1526
8791 1357
6944 6039
637 6626
8938 2821
7910 2124
7338 6693
6737 6807
8732 5196
8837 791
1647 2107
5493 8296
9069 2712
8016 3075
5976 6442
806 2137
9951 1872
67 3263
6000 3071
7968 5862
4391 2375
8975 5766
6549 8768
5076 7735
908 4214
2836 6620
3110 5310
2725 1180
7654 1604
2788 9934
2166 307
5158 2192
79 5168
5926 6852
5015 9315
3581 4840
7349 9810
2384 2145
4688 5804
387 8515
645 3039
8060 2942
3527 4855
1138 1353
4209 3220
771 3092
6919 4854
325 2701
9755 4328
9364 4561
5867 8630
986 6588
1607 8492
5693 5135
8864 3148
6227 4493
1820 2091
9792 4274
6902 4201
3296 4320
8787 7676
9392 216
5583 600
918 6449
7526 3693
8465 4520
7342 2236
3978 2469
3938 4695
3722 7205
377 21
4486 1785
5477 7262
2486 9323
24 1865
755 4056
4079 1984
8542 8062
1843 1596
4701 9763
4325 1043
352 5519
3318 9354
9794 3544
2489 3880
2731 9080
6576 2058
8690 5501
4514 2060
9376 2476
351 4842
2784 1619
7866 2516
9218 3722
9781 6695
6478 7509
7163 4574
2998 5129
3110 7044
2501 2792
6033 2980
2627 795
8455 6687
7578 3403
1978 4937
4771 4779
3472 257
2586 3542
3704 9803
6384 4401
9898 9020
3998 9868
9229 7729
4135 5274
1490 7293
215 2474
605 6877
4184 1122
3379 3161
7027 5639
9231 9849
4099 2444
2767 4353
5557 4756
3308 6683
8955 8357
2919 5600
5936 6075
9022 1010
8023 7318
8045 2489
4316 8834
2274 5368
764 7313
4489 4475
3072 4503
7862 7407
5555 4721
4993 2542
8565 6690
9066 9590
3065 9916
8494 7093
9065 5464
355 564
2025 130
6205 2732
4377 8291
5539 5257
8707 6172
5099 5706
8805 3901
5122 6433
6121 1327
8072 8557
3151 1668
4472 498
8796 6457
8053 9314
2091 68
3279 7402
3746 4832
9845 1403
496 1794
2453 7524
9395 1672
6271 4361
4134 3325
6615 6225
9047 1803
5753 1009
7990 9901
6567 241
201 5824
5246 7672
9628 5350
1287 8938
2566 3478
2265 9050
7704 4435
4539 1388
1854 6599
8423 3372
4007 716
1707 181
7474 776
7993 3647
2446 9010
9149 3304
2436 8549
1487 8957
6352 6128
5790 9254
2681 7239
861 1884
7762 3098
1914 9799
4345 9935
7065 7048
8557 5230
9823 8111
3293 7178
4682 5722
8572 727
5966 5883
9472 2252
5434 4965
2361 7927
2409 2643
4063 1095
4293 2117
7636 8554
5078 8296
9192 7315
9735 2496
9003 8903
6650 8276
2958 9109
5106 6054
4067 4720
5741 2702
4338 2618
2981 2643
1309 1774
9004 5877
5867 9930
9813 3977
8065 999
4978 7874
7407 2631
7191 233
1830 922
4045 3528
5831 5485
5203 2616
7463 416
4367 7925
3582 5729
3074 2443
8911 8874
5514 2800
1538 4772
8497 2382
557 3687
4674 3114
4929 7311
3916 9446
5073 9980
3503 1631
3133 3462
7859 8644
9676 539
6215 2116
7912 2391
391 482
4227 8735
8376 1304
5288 4906
9005 3637
4620 9052
7515 1605
8532 1680
1929 7851
7472 3697
2257 9821
8484 9685
9236 2380
5895 4535
2746 8831
1652 3807
2903 667
9438 816
9321 865
6625 4846
5341 7044
5987 8474
3393 389
9690 7516
6756 8909
4199 5180
8602 8006
9983 4732
8140 2406
6667 870
924 6313
4597 189
8998 635
4275 7874
7937 575
32 2470
2453 3934
1557 3591
5847 2895
2711 2825
4800 6463
4634 3138
668 9854
7540 2337
1293 5782
1084 9228
2704 3288
7408 6133
5975 7781
7062 8233
4965 7733
4459 6597
1241 7608
8039 4757
1026 6407
9073 9562
2881 3910
8478 7238
8875 2520
789 6135
8125 831
9166 767
1626 4446
2921 8924
4320 733
3244 5160
5705 1529
6068 9375
8573 2597
5419 3080
197 4609
8586 5331
1882 4437
262 2429
5628 6970
7671 1443
8767 3557
3638 16
6703 9217
8292 1844
9828 6456
7687 8004
8752 7277
5391 7304
8598 5641
6023 4070
4117 5265
3256 8168
9041 8624
4087 4987
435 9766
7374 791
9670 6125
3607 1206
834 4691
4005 9475
9623 9273
2717 1249
4719 7511
2338 8693
4598 9641
8399 5665
6357 5674
7964 3405
4217 2044
4867 1044
2275 6273
5693 3544
5144 730
4934 8931
1929 9001
8175 2460
1437 9860
6274 2626
1353 921
4655 6232
2018 5800
3141 4365
6730 7730
4669 6327
8454 6700
3456 3323
6448 3440
7337 5755
5688 6352
1557 3372
309 7223
1495 2627
4202 1694
8504 3740
8515 40
3308 7895
9326 379
5311 2095
3671 876
3550 6904
5708 5173
2866 1173
3263 6005
3606 2211
362 5620
8106 6085
6124 433
6401 6508
9073 1243
6725 5155
5089 296
4955 3637
8287 709
5264 2923
7537 9131
1186 8566
4975 362
3771 1509
8500 1221
4184 6020
5954 6185
9817 337
4930 9867
4305 156
1768 2653
3276 4938
1157 6989
3232 2438
4775 283
9596 5109
7579 6020
1230 6340
4643 5360
1121 6832
6530 1588
2419 4850
2067 6932
8196 3093
8682 3417
6922 7893
5330 3611
9042 9782
3062 1755
7953 7854
9003 2160
8744 9360
7818 9100
3862 7958
7372 9609
3671 6730
750 7046
8490 8481
1123 8568
5073 3173
3017 6415
257 8589
5155 2038
9993 7819
2774 6134
4992 4721
4400 8872
2935 5121
6722 4965
8685 1760
9774 3564
9217 6582
315 6942
6882 8421
6981 9994
1315 5652
6418 976
5514 5991
8095 4788
3735 4956
153 5442
450 8964
2376 9576
3725 7660
3078 8580
57 7559
8157 7738
7220 3274
1358 3346
9039 2355
8605 941
3118 5271
4730 5986
7001 2935
8283 953
4608 3726
1412 6098
2667 5849
3865 8291
1311 9540
8250 253
4908 1469
13 9322
4419 9047
7338 7653
3029 1726
7631 9317
5671 6897
9316 359
4386 2193
2569 7031
9862 7540
6683 7036
6879 7702
389 7629
127 8302
4755 8692
299 5592
8738 5069
8786 8852
6580 3258
3928 7674
4751 7783
737 407
5157 2229
8296 505
9038 5909
5903 2868
2161 786
7601 6414
5554 5371
3747 8525
7573 7372
2522 2603
5984 7161
2822 1107
7999 6806
8379 2939
2705 5718
9856 1805
2592 9646
6624 8180
6894 8500
9502 8703
282 9593
2710 1765
2418 6529
2783 3878
1779 7675
4172 6010
4540 2641
5186 2904
8608 1982
819 2933
8905 3254
7688 6055
9946 855
2286 116
7661 2042
9896 2076
9068 8502
3618 2784
347 9201
4661 8829
6433 5460
8182 7209
4248 4874
9786 2409
26 7284
5764 6428
7499 7996
8398 9672
614 6084
6278 6991
7760 6459
3967 3549
1384 3467
4185 2081
576 9570
9243 342
6805 2522
7117 4556
3865 4119
9682 2856
4194 8109
2578 3653
124 1916
2181 6917
6569 1609
5019 6792
4153 2778
3385 2535
7844 9149
4095 7006
8420 1493
1716 2196
5424 6083
5778 1000
3379 9997
6559 1865
8908 4829
7248 5762
2446 1881
2818 5745
9031 6282
1923 3123
6909 1515
9162 1534
4212 5376
4487 9993
7853 7136
6741 1740
8777 449
1788 7504
4843 2255
5011 7890
667 8568
2995 3609
3046 7655
1975 1009
7315 9386
7840 5492
3888 8515
180 9365
555 3288
8998 1272
5550 4087
3649 8449
8353 7529
8653 311
4611 4369
3349 4805
5715 9458
8831 1405
4440 6234
762 6473
8625 959
326 16
455 8997
6317 3329
446 7449
1648 4414
9882 8780
8172 4104
8159 8703
3979 6835
576 8024
1910 5270
25 8127
3304 9810
3736 1767
2622 428
2246 1676
5435 1289
7796 7173
9176 8469
5552 3046
8248 2352
8567 7494
2650 2885
1172 7303
2872 2679
2439 5143
604 2235
3953 1298
5250 3789
8139 6530
2536 2016
2918 9668
2785 85
1677 7720
3770 7654
1094 5413
9252 1776
3960 4454
3584 1195
4967 6101
7560 4456
3450 5267
4906 2166
2190 4401
7024 7312
6435 2765
1210 2902
8612 5149
4110 8567
6148 8353
8757 6056
7636 1112
5174 5171
657 1170
7664 239
874 6349
5729 9272
8847 7647
2020 9819
5556 4638
1095 3649
7221 3823
2058 3317
1141 1017
9667 4035
3103 7781
4927 6318
1981 1221
7107 7710
8038 2062
4337 8325
417 4531
469 13
3864 5295
2671 272
1865 8238
4651 6962
7574 1689
5612 3439
220 1277
9895 5725
6912 9351
6699 8253
7109 7118
4399 7188
2283 2940
7652 3088
9889 7018
4489 9994
331 8088
4942 7079
1326 5590
6496 1513
5752 49
7922 88
6717 4621
2221 953
4781 5612
5518 1929
2033 3064
9182 1529
6164 4163
1007 3573
8542 8792
3233 8818
10 3357
1045 2164
7258 5016
9385 8393
8001 5627
7218 9590
5838 1101
408 2556
7720 3846
9099 3398
3525 9399
771 9329
1957 7444
357 5752
2219 7359
4017 4091
299 5539
7896 1020
2398 3497
6411 9863
3971 3290
4415 8763
2065 449
6237 6616
9943 3596
7030 2055
8708 4415
6099 7968
9298 7349
8426 733
9660 8037
428 5145
8433 2365
5212 3155
3233 621
8234 405
6116 6610
6606 2092
2282 1725
8432 4067
3341 7855
6691 7936
4802 4964
1778 7595
5343 7386
1042 4519
598 4428
6392 1678
1567 1055
9172 4333
7092 5832
8138 3497
534 6775
5217 3244
5246 9893
7445 7296
8749 6134
3895 5111
8100 3978
2196 7956
1632 3478
8114 458
4765 7433
4679 9136
7387 8350
8196 5821
94 8094
2271 6853
6383 6959
1742 6544
992 7500
9247 5091
7581 370
7365 4190
7262 3077
4652 7585
5145 4749
2141 2428
4452 8640
1310 4273
8696 5949
6177 8136
9617 3186
6076 815
4722 8683
7192 2796
245 5048
3347 8944
9424 8249
4289 9050
6787 7496
1599 5829
6878 3572
1496 3279
8928 1429
8992 4759
8409 5201
2158 7329
8561 1786
1318 2378
5234 3649
4532 9523
1056 7403
5093 5932
4474 1950
4303 9022
7512 4345
1553 4404
6499 1982
3813 6855
3348 9852
8338 4501
3252 7325
5839 2942
7795 4232
7409 5066
2261 5668
2261 2858
8150 8907
5033 6473
1118 9830
900 5423
1872 9530
1702 2867
8172 5471
5098 5273
5748 3593
6233 3007
5964 997
3176 384
8491 5954
4273 1876
2350 4537
847 4788
5851 1690
674 9741
4706 6244
7619 2481
1600 6129
2962 2532
6925 2332
5419 7881
5958 7056
1975 346
8917 4526
6734 4990
892 7946
7753 4746
9360 8131
6662 1111
5602 109
9894 7467
4985 1597
2608 8135
9243 1552
1064 8092
1723 7672
5594 4667
1644 2644
9632 8968
7187 3627
8964 6842
266 8725
1967 1826
2849 9142
1599 6629
7887 3800
391 9047
9447 9588
9728 1942
3190 4268
221 8496
3544 6504
7901 9458
746 5467
6538 8431
3034 2849
8478 2681
3754 7687
5957 3022
1300 4631
1005 8226
2391 7663
8906 5989
5216 5629
8966 7441
8148 4729
9173 8227
297 6095
1287 1219
7525 2231
7735 7793
1598 6243
2768 478
5344 2645
1072 8756
4989 4810
5540 6131
9038 7894
8370 1306
5080 8813
3398 686
74 443
8868 5273
259 226
9788 8786
5808 3454
3996 2804
4483 3574
7567 1086
9983 1600
1571 8072
4640 7217
409 7644
9847 7521
3877 2712
7475 455
2757 9583
3035 2550
766 5718
8696 4339
865 3698
448 9730
2141 3467
4429 4700
6430 669
4876 6815
3380 6044
4176 6610
1214 5409
7207 8116
229 3605
7909 6320
8005 9400
2284 6542
3942 1375
3149 25
8697 7416
2328 504
4334 7339
3408 2332
8594 7503
7082 4869
533 3509
5747 8481
25 3557
257 5474
1959 9604
6226 3403
1708 2735
9137 6247
2001 6870
2711 9446
8472 3799
5229 6900
1570 374
8160 7543
6237 5095
9374 6438
1531 7848
6956 6273
5230 8397
3914 8769
7631 4633
8830 6060
8462 9285
429 2900
1491 2481
7720 9918
8211 2453
2595 1514
3310 6338
913 1780
3669 489
6859 8293
4458 6903
3071 6950
4303 2509
8021 8259
256 936
1341 6568
3821 1041
7892 8427
127 9939
8182 8565
8876 2739
1565 1454
1430 4705
4023 7972
8621 8891
9158 9608
5525 6792
2384 8373
7794 1496
6311 3645
1056 9317
7155 7730
7887 3493
3867 4622
6523 7759
7875 9824
7561 4072
688 7396
190 2409
3318 1789
9114 9007
5106 8721
9089 5550
7491 2321
3386 6851
7251 2868
7569 741
9140 7343
4551 3334
6118 9379
6073 5900
21 3842
718 2406
7471 2239
6057 7853
9954 242
7839 2826
1252 4085
6626 3374
4189 8383
1996 657
7534 2490
6056 6266
5349 3634
3770 296
8040 7868
7406 2507
1343 5968
8573 9362
6910 8485
4493 9714
976 2184
4000 2463
1119 3097
3532 5994
4528 4434
9611 871
156 1236
3528 1994
1640 8095
5722 878
2438 8878
526 9313
5796 2669
4316 8367
3634 8041
6460 4234
9330 8866
8081 6979
3544 2271
291 2759
1137 7982
8331 2089
4192 7686
8791 7880
9138 1995
3405 9053
9059 5293
1868 4403
4122 7470
4334 6259
6655 4270
7435 5546
3405 5573
5015 7082
1907 8012
5114 4330
1108 5864
4912 2427
6462 1380
5815 9544
1304 6633
4534 2376
3684 9725
5518 1860
5636 742
9576 8255
568 6473
733 7319
2502 484
8389 743
675 8852
8247 7782
1149 7635
399 7520
1243 7953
5997 2318
4076 3758
7290 7908
6508 8754
3222 4328
1381 329
6205 6506
5714 382
504 2708
6287 147
5887 2239
4476 42
444 7551
9600 836
7259 892
1866 8499
7469 5583
6579 4061
6188 6245
4912 9616
569 6787
8579 6028
4673 246
3840 18
9982 8469
189 7591
6585 4678
8259 9492
7709 1209
7954 6430
1256 5781
1313 8621
5867 29
8418 5963
32 2527
9859 1978
1018 793
81 4082
1608 9528
967 7447
5892 3726
9365 3395
4072 5135
6332 8069
2912 7432
5461 9637
2586 7917
3745 9698
2282 2638
9419 4363
1882 5685
6810 150
6095 622
3363 5408
3895 3267
1163 8498
5150 9251
4953 8588
5071 5983
4250 2064
823 4209
9726 2830
2694 2601
1392 9976
783 1061
564 7665
9215 1020
7560 7798
8970 823
749 9369
3680 4508
1167 3542
9727 2345
7967 373
5650 7065
7826 2731
4759 8294
3090 5708
3999 2604
6018 6913
4878 1814
7231 3137
7858 5479
2002 400
432 9446
9298 2225
3690 6359
4983 9769
2876 5746
9113 7922
8470 1235
3095 6216
4756 6797
9459 4580
1657 2251
330 7474
7323 2597
3762 1361
9895 4507
3516 4534
4725 1617
8280 7357
8182 6087
5800 7582
3386 6868
4493 5592
7486 8975
9885 2332
5458 6361
8007 2825
1881 7738
5741 9807
9689 1126
2095 9954
8867 7948
7929 7869
4124 7019
770 288
4090 5297
453 2136
506 7282
8989 7018
5710 7329
3514 1964
4725 4478
9888 9391
4050 8220
6414 972
6222 798
1724 4506
7176 1165
7997 3161
555 2312
3780 8191
6857 4617
6755 6301
1251 3472
4591 8525
5706 5086
6431 8714
8304 160
9123 6715
1272 3142
8850 1469
2860 3807
3723 7964
7148 5219
2269 5646
7012 8285
754 9597
6583 8242
1606 9567
2952 3378
4646 4356
4087 6042
7187 9195
2392 9572
2981 6672
8383 5740
1276 7702
1496 1919
2450 7229
643 4018
7709 7280
4956 4764
8944 9535
632 7329
897 5812
2908 6781
7637 2851
6984 8393
8392 9442
6977 892
9097 6771
6508 81
465 2187
7637 8465
9556 8080
5967 3357
9408 595
695 8379
5378 3927
4657 6074
329 6878
6692 8899
4066 3759
8577 6798
7410 4437
590 4270
3986 39
2354 5226
8356 4271
5881 1513
7428 8378
6054 1401
6762 2235
5976 780
2428 2252
3861 8528
4369 8658
7316 8650
4736 8251
5191 8814
7942 7399
8549 6413
9238 9488
4069 1035
1514 6024
2566 9211
2248 414
5820 3754
8625 1516
2852 2549
4675 5679
2553 5272
2477 5828
8463 6469
6610 9948
5021 2108
1495 3132
8136 141
4503 4515
1018 9335
8631 4984
8945 892
1875 7888
7955 7395
3974 5017
6527 7433
7945 8070
8527 4470
1587 8952
3179 6920
6558 5125
8151 8750
6234 7495
9980 2482
7227 4707
9043 3091
2622 8309
3293 9406
2537 2981
3441 8137
6031 9032
8829 2397
1667 7989
3981 77
1380 5777
9322 8855
8071 8522
7609 2165
2067 7277
2724 8416
2005 8165
5190 931
3603 1201
832 7335
8462 3584
5897 6944
2016 619
6834 5171
565 735
8423 1730
423 7605
7649 2374
337 5504
2472 8472
3925 3491
2950 4108
7497 2764
6151 5082
8091 5793
2588 4554
3957 2261
6191 4491
2701 4759
3185 8561
7779 2344
6351 841
7661 5255
9619 3210
7712 6170
2951 3049
2228 6827
3924 4968
9322 1933
2392 2909
154 5129
7606 1435
8436 4553
3464 9871
3832 8352
5087 9545
2994 7253
7883 8373
317 2938
8518 7557
7768 8653
1178 6205
4373 1130
4067 4026
4286 9723
735 5504
2435 5021
3026 5166
7534 5488
6535 4832
5720 2075
1344 1489
3620 7929
1310 6123
1737 6196
9484 8925
7981 5180
7622 4903
3276 916
2487 6069
3160 7690
7888 4342
5354 4529
1284 888
4471 7069
8080 5937
9967 2730
7256 204
8286 8168
8732 9679
1989 7735
3802 2725
5587 156
4958 3580
6940 5837
5988 333
3036 4591
8909 6884
4421 2553
7887 2299
1971 4916
951 2951
9089 2513
2027 1358
6213 1063
794 9348
998 8280
9268 49
4190 3583
8518 9264
1562 2025
8685 1542
942 6253
5692 237
4901 1160
3481 5197
3606 9657
1857 7158
9507 1606
2268 796
3355 7930
8139 6543
6431 1676
3998 1077
9890 2988
6082 2951
121 7676
5799 3269
1618 9080
3072 6471
1776 7860
3908 7777
164 7345
8945 5777
8360 252
9776 2552
790 7315
4803 6243
3189 1349
2667 1318
9699 3380
471 5412
3566 6329
6278 8700
6556 4549
6845 1395
7050 6368
9028 9403
8273 976
6875 5501
5589 1591
6347 7080
7160 8744
4551 3029
9276 1976
5248 182
1237 2078
3368 3723
6668 3574
2558 2785
5312 5704
3880 1480
1526 4431
7647 6959
274 9273
8372 6590
7006 4794
160 3519
663 4525
9273 3321
7175 4264
4529 6043
4716 1563
185 2226
8232 501
8082 6375
9026 4515
4132 5048
7465 5814
9559 4257
121 3872
7855 679
5462 1658
965 4065
8741 2773
2912 2947
4186 5883
722 8088
6204 2609
622 8795
1381 8700
6552 3506
7158 7596
3941 2552
6647 9082
7233 7142
1355 9177
736 9149
2882 4572
476 4018
8136 3092
3917 6326
7322 6452
4854 9377
5065 6515
6620 7307
8328 2125
9874 8918
6432 3847
2991 6539
2146 7021
1777 8128
1100 6025
1963 4259
4165 1330
7114 3238
882 6047
7829 9223
3643 9494
4659 9274
2552 7350
5190 3653
6980 2269
8661 1416
1108 3847
7959 6231
1745 9348
1499 2149
5312 852
229 1790
2771 2401
3123 3154
2553 5417
3677 409
6912 1287
187 5319
3755 3565
3104 3358
2846 8320
4260 7466
6406 5904
5360 4493
2342 6739
4627 6296
3580 6781
3313 98
5474 9629
6026 1528
3616 6951
617 8657
6046 3833
5571 3533
8007 8541
6463 6394
5610 7098
5093 9698
7850 199
9199 244
8837 9214
9084 9853
706 7512
3555 6083
9731 2666
9893 6558
3034 8012
4747 2291
2584 8514
2270 6398
2513 1449
4950 4540
5595 3391
874 8467
2820 7695
3350 4318
6595 6664
4795 7384
551 3130
944 1220
8349 3324
5270 9415
7821 9260
5225 6771
9139 6436
6706 7392
907 7989
8953 5001
3829 5475
6680 8193
6137 4445
3211 2400
8500 1975
2916 3998
2064 2358
2555 42
1345 4951
2706 5431
1996 3580
1494 4964
4978 4052
2081 2374
5050 7798
4333 5621
9421 2922
8419 1360
5275 7956
9377 2493
7355 3582
7594 3537
2159 8496
1496 6664
2406 3247
3996 2658
8795 8799
1574 4379
8938 5606
5536 1988
3507 783
5332 2835
7703 8647
30 2820
3135 1656
2477 8506
6524 3200
7491 7191
5386 6397
443 1315
653 7639
2426 956
4173 3194
7006 8027
4062 7886
3955 7279
9608 1077
6084 7448
1222 544
6687 7985
442 6014
9905 4603
8621 2306
6049 9619
8547 4064
7257 4655
5245 5989
862 346
4376 9248
7904 2377
5923 176
3341 5497
8095 9915
4033 5032
559 5463
5944 508
3934 9513
195 7683
8783 9065
4361 4553
1168 7998
2613 2224
5288 2427
6829 7871
4799 7493
9139 7865
4429 9216
1444 9944
394 1541
1693 2390
6101 5618
5022 7496
4192 2638
3751 4151
5192 5895
8190 4269
2803 3978
7827 7625
4338 2174
3803 3038
9398 5086
4984 8382
8495 2881
7466 1886
2127 872
5998 4871
8012 9091
7796 1385
4661 896
2159 2107
9580 3841
6646 1235
4434 4425
7399 8414
8464 5155
1243 7997
8561 8798
2885 7917
5965 5353
6916 4625
7360 4055
1383 6222
7850 2767
1568 9475
9359 8019
9409 8771
5790 1227
8787 1872
5631 2142
7286 5445
5238 6332
4371 6288
228 6522
8525 3338
44 3706
7189 7876
1571 9975
2221 4705
2144 8426
836 4586
9220 92
2368 6850
3875 57
4458 5190
2288 3213
8707 4784
8999 4030
8341 3753
2307 4133
4 9864
8272 5050
1939 652
3115 5467
7234 1745
1285 440
2613 3378
9686 5262
6129 8156
4126 6575
3999 7195
9175 59
2275 1332
7991 509
1094 2365
6450 9795
6031 5388
2476 2379
6048 811
2459 5255
8668 4149
2939 5693
3335 7680
1531 2622
9430 5095
3812 2401
3126 1922
6714 6347
8600 2308
475 7692
5193 9041
421 3753
512 3834
7748 7330
7761 8519
4521 3712
1679 5199
1846 9565
958 1591
3877 8431
357 5749
201 770
3986 127
9868 9233
3688 6901
1767 2449
5636 5608
3584 2858
1981 8309
6862 9891
2234 2850
8760 7561
237 1076
6859 3324
7709 8891
6794 1510
7649 7914
8176 4168
9496 3670
2065 6290
5398 379
9438 7967
9353 3638
1111 5051
7786 1410
8299 2178
3054 6770
5083 4311
4204 5352
2461 285
729 8928
557 4213
399 252
493 1653
1148 4844
1372 705
8343 8953
1205 3737
1629 3263
1182 3983
7450 853
1489 3763
4499 1610
1160 6909
9263 2446
6593 7030
6198 4698
8257 7987
5250 4141
5333 6639
8338 451
8867 3747
9854 3572
3679 1637
5028 1319
8202 1963
928 4961
1188 5658
7035 7214
6482 3183
1675 1739
7675 1497
7576 1165
9548 849
1038 2785
2843 2600
7390 9073
6553 5627
9791 6352
7457 7909
9010 2658
8189 8322
627 4299
6231 5851
3563 8883
5005 2578
8594 770
7806 8971
162 3885
2193 1350
9991 6429
6276 1941
4115 249
6658 3630
2366 400
8606 4894
8282 4309
4652 7992
2644 4231
7567 9721
5383 9979
4669 4841
6858 984
6926 6705
3418 7183
419 8915
962 7525
9412 8202
4998 9679
6706 5807
9104 6873
2715 7717
4673 5635
5691 2802
1097 4440
4176 6730
658 5804
9958 5065
8278 2305
4224 1837
8530 6022
3656 4318
2866 9309
334 2363
5563 6343
4205 4770
5575 7311
9115 6124
6795 1343
3471 1091
2485 8435
2860 6448
4369 3256
8636 8917
4219 4160
1320 4436
3054 7558
1123 8426
5563 6088
2439 4380
2086 5510
5351 1516
218 6725
8483 8712
8636 5776
2218 4639
4892 9195
522 9921
5352 1637
8819 8818
6812 5211
2697 1946
676 3683
584 2828
1890 4363
5442 5985
2938 2030
7812 8528
4218 2912
3319 2173
7831 7591
5761 7563
8307 1974
1116 4143
9419 1126
8335 179
2973 2227
616 4163
742 9473
7419 1447
2537 7290
6324 7773
6236 2101
4824 1971
5245 3811
9225 1982
1922 3721
6425 8874
5053 9718
6982 9855
8622 7936
3604 1420
9650 4159
9160 2450
9402 7349
6912 8624
3974 6456
6624 3222
2528 2606
6071 328
3190 1092
4352 6481
8879 6427
2516 8769
526 2815
7565 2581
4708 4181
8918 7698
3760 625
5470 301
7682 7009
8747 2777
5565 9706
7915 382
9066 5405
2709 3203
4345 1781
2462 1321
5491 7983
1640 1411
4043 6998
2501 629
7906 7387
8889 4632
5930 3966
8221 3671
8466 3915
4720 6409
6896 8035
8088 5227
318 9078
6342 7385
7467 5178
5927 3657
7441 4699
2727 6853
8102 7327
4801 1747
7196 5524
5889 9522
1764 2889
6122 5363
7712 7062
419 6274
1733 2312
7708 6191
9807 9261
7550 365
1102 5112
6945 7783
6303 1266
247 3914
7894 334
1237 9443
4838 3446
2418 6213
563 2375
2712 6358
910 2598
7416 6376
288 1645
8938 8607
1970 1975
385 7476
105 7475
9613 8485
8095 3624
9706 2326
9084 7782
4454 9848
756 5924
2112 2724
617 716
2940 4965
8385 4159
7667 6415
2579 9814
6423 8576
8043 3654
4404 6481
3277 7695
5521 3272
7126 4865
3702 5838
445 8460
9704 9064
1993 6418
6624 5492
7372 1867
4281 9266
9357 7029
8296 6828
4836 646
3446 2004
7374 1472
8201 3080
3984 4303
8561 436
8568 1410
6430 3509
3006 8067
9662 1173
2026 3525
7492 1656
3696 6697
9636 8210
374 3613
6011 9155
6854 1458
3564 1456
7358 3064
485 6574
2709 7032
3248 2333
2664 6813
9685 3040
3907 8896
5629 6613
3387 8559
5649 8901
5719 9674
7473 3289
6159 3802
2720 5830
6045 7197
3181 5335
5152 4786
6300 3735
9872 8301
3907 2743
2267 5848
3681 4050
6910 311
6808 6746
15 2582
4155 3470
7143 4321
7395 8987
8477 47
3484 8956
7038 7244
4876 2175
5304 7490
3491 8245
7893 4644
5725 7558
5654 7158
9349 7039
9381 4556
6916 5145
7644 3741
6807 6423
8163 6003
2958 6396
8228 3810
5793 1062
4316 211
4509 4555
6330 5421
7020 9294
3513 7054
2083 1438
7130 7003
9108 3244
2267 4178
6164 9542
132 6760
8903 9141
8400 3476
9911 1951
152 9542
116 522
2171 3158
8133 7182
1578 8981
9069 326
2063 3858
920 9555
5758 2523
884 5452
196 7613
2333 1557
8428 7211
6721 715
9857 9527
5330 6762
2653 736
4601 588
6879 8808
3496 958
667 6032
504 4112
1052 7218
9393 2600
2677 1627
8008 7268
1877 9907
4514 9674
3720 6170
1031 814
9290 2273
1234 9168
8342 8226
1045 5902
7949 13
7017 6733
8050 3537
962 6224
8530 2979
2849 4179
7490 9565
6708 4023
608 2534
5944 3641
3083 1546
1903 7265
3439 1894
5452 5060
6056 5970
5834 9943
648 8443
637 9521
1203 1260
9360 8475
7943 9560
3037 6870
2442 3079
4204 4025
9564 8491
2211 5894
3099 3309
2139 2760
8132 7081
3443 7915
887 7187
6877 9800
7732 2404
1431 8748
6882 6757
2068 3460
5999 7606
9817 7974
3633 2172
6148 6047
3658 821
1382 7925
2186 3641
4833 4392
3902 3279
7244 7530
2983 7160
9843 5671
5030 6189
2987 5443
6067 3360
9764 15
7020 3969
2920 7576
4746 8512
8192 5260
1600 6537
2085 5433
4685 4625
5779 4196
3712 6171
9962 1043
9771 2760
6862 2152
5409 9369
5903 5338
6025 1218
4643 7889
5732 2924
3566 6286
4987 6871
804 2709
9937 7627
1749 5848
5415 8969
951 4289
1663 1427
3746 91
1545 7668
84 4237
9305 5037
852 3493
7545 9565
7124 5213
1114 1724
2608 4365
2358 3317
660 3229
8225 5566
9274 9092
9502 7461
8959 3010
4750 4281
6951 1062
3171 6097
4727 669
7282 6925
2673 2136
2807 4759
4941 6952
8690 549
2050 4169
1968 9967
2708 5144
8085 215
1255 722
5636 1209
2913 2139
6545 8081
2078 1480
1869 9636
9005 9145
8209 1004
5256 1782
6662 5891
5233 5333
9297 6923
5799 2214
8732 135
2456 1931
6895 3162
5600 8311
7182 618
96 3105
4748 9024
8314 5973
5709 7039
3545 3479
409 4207
4621 8405
3964 8869
9843 7481
4522 8993
5812 6327
6176 2883
5156 7545
6325 1802
3162 7493
2128 1035
7520 5335
787 794
3088 7296
3573 2568
254 9915
7486 6554
6453 4696
3131 3617
4697 5159
4033 6923
860 7826
5854 1478
3580 1015
1035 9628
7577 3969
8302 1360
2340 2658
7755 2691
8099 2479
442 1858
6226 3496
5365 7824
8291 6434
1992 1500
8726 7123
523 5039
4467 5258
171 7604
3508 3752
2084 9140
7840 2463
8251 5805
4626 9013
9447 7534
6376 1316
4144 929
3559 2786
9408 3990
1468 3080
8103 1272
9454 5346
5594 8303
8175 5874
4059 9617
9568 2480
6051 21
5316 4338
8444 9558
6877 3284
572 4128
6387 2693
8235 842
8563 46
6405 768
7828 8879
523 1739
4613 3975
7860 9679
3969 4895
8162 8306
7029 2180
9807 7236
776 4880
8261 2879
361 4260
8876 6668
823 2308
2831 4543
649 8815
9336 5297
8894 2649
5946 8344
9598 8391
7389 1829
4752 7222
8179 6569
3125 3704
7209 741
1409 8412
3178 3820
3610 3768
6685 6007
8920 5526
623 4086
6013 7897
651 3054
5230 9979
6278 7283
7055 3476
9655 2259
317 8697
3011 4972
6917 590
7943 5115
5970 3897
8686 3842
564 9125
707 8805
5083 9871
7200 8018
8306 6401
1172 1002
6489 5049
8820 6384
5259 101
3144 1181
4207 7933
9062 6622
9625 1372
1932 6219
9904 2029
7590 4756
6283 110
9360 3946
5764 9811
8310 3735
6798 8826
1831 6107
2467 5671
7079 8100
1334 7164
3619 9993
9592 7814
2400 5091
9030 134
348 6952
1311 8330
6966 8694
5011 1480
2154 489
8054 3078
1556 1081
5172 6617
8454 7250
9567 3497
3925 1841
8548 7389
3117 9752
6028 7432
9780 1791
5166 2687
6796 5448
6065 1269
4978 1036
6752 8374
100 2886
6406 5628
9504 7948
520 9761
343 3462
3554 3794
4688 317
5049 9500
9129 3937
3488 2887
4008 3558
1975 3707
7791 7772
9197 7330
6414 138
2550 1724
9122 9623
3079 4489
2620 9956
3918 2151
4461 137
5007 1208
1661 7099
7369 9678
5803 2950
1848 7574
5326 3469
4707 9359
8953 9547
3525 1221
5373 9077
1929 9263
857 8046
2942 2897
7405 3078
8490 8878
8012 8736
1195 5213
4768 5359
2792 4807
8983 6684
3879 6747
7146 7142
6119 2766
3071 4647
93 3730
6676 9599
5389 4770
4684 3696
6590 3319
5175 9397
2576 3514
4057 7311
521 615
5644 6077
9194 4058
6913 1415
2881 4392
6050 8759
184 1453
4003 5653
9514 5789
647 3630
8118 6441
7967 8528
8764 1825
4141 3109
7812 5568
4439 3561
4334 2200
7767 3769
3620 7803
6542 4746
6523 2499
2473 2563
9049 7503
8812 5033
3216 5594
4170 4149
7000 5513
6711 6211
9547 8577
9573 6826
2186 2515
8458 1427
5901 9973
6339 4391
344 3918
1969 3258
2617 2638
7426 8542
5885 1448
6539 7126
2898 4637
4865 4696
5191 5637
5239 1037
9104 6028
3601 8248
3542 8360
6278 208
3915 5843
4357 8060
6603 4121
1071 9834
1102 9934
1794 2781
4506 3597
8053 5329
1781 2329
8015 2587
9048 8050
1827 257
7902 4055
1094 3491
1708 4882
5248 7221
9644 1700
4656 1243
7937 1341
7098 992
1487 296
716 6450
6626 6257
1599 205
4876 8468
6617 8178
861 7491
9711 8964
6010 3860
839 5248
944 3061
955 2166
370 7197
6378 2824
1071 9024
5752 3069
5807 9086
550 5955
6027 3400
4813 6447
8348 1712
8643 7842
8411 6621
1216 410
6808 8696
2794 2193
5735 7318
9436 1255
132 6209
1061 2343
8295 389
3453 8296
8674 3061
8210 642
9416 8519
7985 3339
8840 5907
8497 1917
5862 9427
5624 6038
8955 7943
8625 6876
6771 2504
2229 4939
2148 1110
3158 348
7630 7041
5803 8083
3790 1984
4853 8149
2300 8978
1905 4196
4597 3231
966 9337
6883 6649
9102 13
8311 708
7633 4852
7577 5599
7180 1750
4086 319
5585 7275
3417 1191
3480 531
6724 7973
1123 3663
3453 7740
7888 7423
6550 5193
1255 745
9108 6676
3891 883
689 3733
5838 1357
4157 9216
9380 334
5024 3663
6986 9849
1050 2507
2903 7051
1339 4519
8496 9524
4382 5113
6034 3024
256 6933
2104 2753
5423 215
1325 3019
3741 6109
7739 172
4212 4399
1378 4757
4163 4668
9572 6953
9318 6002
8925 625
4357 6073
1247 5097
2803 9757
8380 603
4278 183
8749 822
1046 5031
9647 730
5086 4527
3133 6371
4912 7935
4600 3552
7861 5112
4900 6671
5938 5487
5004 2918
7094 8129
6406 1568
1120 8765
9328 8227
5645 5891
26 3274
5679 5271
4701 9444
7817 1009
6473 1272
4838 5316
3564 6626
986 6649
2110 9151
3520 6999
9866 5057
7363 7857
7031 8783
8088 653
2869 3036
6344 7388
4738 163
6044 43
9900 5916
4001 9141
7761 1261
8939 8210
1298 7536
5637 9153
5046 3341
6854 6973
4474 5364
4751 9839
9831 7001
2657 5664
4364 5164
5132 5928
2154 1635
3363 6584
2831 9975
8267 9280
457 7880
1297 8526
380 2942
1627 5189
895 4141
614 7686
4545 2516
543 1405
2457 818
1934 2506
4411 4469
2141 7578
1542 8320
9462 3489
9258 8120
458 5911
2807 8268
6462 3340
5072 9999
4191 393
2174 1540
278 1093
9730 5796
2215 4016
9730 3294
4979 7935
229 5052
8798 6261
2186 9325
3355 427
6465 5013
1763 8428
1581 2142
4804 879
4593 2824
1702 9025
1304 9348
4281 7102
5633 1577
426 2364
2247 481
3428 6420
8046 7172
547 4510
9609 6975
7268 8857
3993 8576
1929 8676
6544 9264
3865 7499
7492 3245
3315 5441
2990 387
3026 8486
4258 4199
2604 8693
9321 8048
2533 765
1259 7890
6769 5642
5112 3624
2199 47
9253 9341
1713 7314
2740 4391
7247 1125
4331 9681
9323 8844
967 2212
4679 9408
6474 9425
4435 2959
6207 6413
794 1053
3230 8042
3372 9307
1515 2382
6695 9634
8649 6241
9934 716
1740 696
4092 144
6188 7609
6977 3144
4421 235
507 5872
7372 6892
3344 2797
4700 1630
3656 7256
333 895
9063 2934
3974 8275
2328 7589
6282 5696
2373 5621
718 2678
7042 2544
4042 6393
3482 88
9726 1260
3234 9915
4588 6892
6377 4741
1667 4774
4033 6515
700 6070
9703 1951
4301 9549
7805 269
3691 2430
5961 5265
2236 6613
7959 4026
2218 4868
2698 5615
5380 6428
3311 4773
6814 8852
8994 5242
4617 7081
1370 2321
2142 8787
9039 8730
4003 1295
844 5981
8944 2078
9407 6099
6459 7657
2254 4593
8255 7887
7124 1378
2379 6205
7256 6496
7031 7929
1086 5775
6946 4539
9415 6486
6726 9913
5764 6539
3533 9213
2200 6281
6765 8917
2891 9504
4079 22
8138 1418
3869 9854
5484 7590
4969 7621
2832 7490
3226 463
1218 6681
4817 3633
7932 3959
4651 5805
1417 2341
4847 2876
7461 2678
1655 7270
2176 1389
4363 3809
3681 56
2600 9092
8295 5629
4112 3543
5611 6495
4779 5657
9841 7917
8316 3837
8541 9479
2750 834
3795 14
1933 7486
8295 4343
9345 1686
978 5020
3924 9501
9590 3952
6661 2982
4441 2924
8773 8663
9549 8602
9039 3548
7088 8541
1397 6677
6511 2619
8789 4174
6613 2409
5594 5017
1458 5137
3951 4441
6935 6210
8846 8045
4397 7572
9399 1096
9509 1111
5068 6713
4346 7255
9913 3660
4130 9470
1649 4364
6420 5478
8627 1155
84 185
8908 9247
4554 8679
3461 1811
160 7267
4701 6023
6314 667
6274 45
2175 3890
7129 6146
2358 7227
9357 9948
5468 5780
7908 2166
7553 6061
8092 8885
579 8547
5173 7606
5907 974
3624 8487
131 2355
2757 6398
1008 7910
2267 922
5309 1681
6655 5284
4997 1209
9120 4673
1138 6995
3089 7655
7755 3491
6917 3609
9319 3580
4649 5025
9297 265
4763 9130
6916 2438
5833 6935
4421 3324
5908 6562
5936 2327
9588 405
5035 6694
9028 8431
8903 6799
2301 2867
9588 1484
8321 3395
2852 4598
3790 8117
8344 7964
6995 8751
9782 6352
350 6212
3132 8318
9875 7755
750 6026
650 4232
8396 933
5407 2889
2847 7083
6045 5919
2386 9197
6068 2439
7149 6102
7846 4324
3052 2348
130 2251
5694 3220
1672 3531
8953 1682
9964 8454
5195 1580
3125 9249
2796 5114
7109 8740
8175 2493
6802 4718
2823 7625
9875 6232
1734 9392
3271 324
3169 1436
6574 9954
2351 7224
5643 1950
4720 6027
6977 5354
5258 6067
6507 1300
3983 2410
6136 3523
7947 2696
7331 6483
8809 2436
9232 6459
6356 5544
4307 4455
9243 4176
5259 7703
302 1134
8011 3331
2421 4286
6056 8217
2848 2177
6670 837
6121 6744
1294 5740
2374 7167
6674 3012
9066 2355
9234 6755
1467 9121
3966 5827
5902 5277
9515 383
5950 6796
859 6509
8060 9022
9045 3752
3873 5323
5811 3512
8958 6505
6554 6000
52 5815
5173 3509
5088 330
7514 4678
7598 8529
142 5563
2014 1990
4100 814
4452 2356
576 1248
4265 8272
522 2010
1791 1125
190 3826
2658 8032
2321 7174
3514 4821
3678 8696
6205 7547
3197 757
4770 1691
1509 131
5647 4672
7097 6535
9988 219
6606 609
3280 423
5117 2677
9281 4547
8707 7302
6714 9457
3301 8048
3196 6555
7985 7906
3255 3885
9664 9303
3754 7554
5864 3168
5094 3630
1918 3039
1328 9045
3369 3682
406 2919
3073 9418
9833 1177
1045 1128
7464 8097
6572 4099
189 5534
7604 6504
3601 3905
4855 8990
5354 9148
11 3156
9285 9877
8648 298
6543 6342
2148 2281
1469 3781
4266 4944
1243 2859
2058 7788
9697 2532
3417 9891
6466 7634
553 8173
8398 4701
3508 3311
9784 1643
9506 4069
5089 408
5610 9259
4067 5234
3444 8809
2634 1284
6013 5065
4444 8301
4900 4582
4970 6604
545 5059
6718 5339
5205 244
5684 3061
9645 1885
9589 8324
5232 5382
7647 9019
5560 9063
896 3581
3757 2678
7761 233
9325 8058
5040 4259
1224 7898
3189 1631
5079 984
3078 716
5580 3891
5830 4347
6517 8797
8904 619
8074 3419
1233 5427
9526 8690
6331 3627
5667 4260
6342 39
7070 4790
3962 9120
2953 1485
7271 2417
7039 7397
3213 9019
6258 2766
936 9765
5856 2611
5427 9684
8660 6536
9645 7219
7033 2975
1080 3999
5866 3735
9934 5618
2468 9554
6238 3290
8285 7714
8229 4181
7485 2383
6840 11
8042 2039
8349 8295
3651 9074
8730 291
610 4337
7797 9984
324 6707
6378 7775
2965 7476
3627 1167
5844 1794
3346 7507
9270 141
3457 2351
502 3258
5611 8159
6074 7652
955 8516
6160 2672
7650 6140
8856 8027
270 9453
8619 4034
1174 3709
3129 3917
7906 7569
769 3945
6503 1616
4697 5410
7217 1508
8957 841
1288 6780
4916 9607
4293 8065
6110 5326
8462 8547
7817 3032
4717 5470
3667 3119
4863 8943
1962 9672
7304 9981
5759 4637
6259 1142
2537 1861
3367 2599
6934 17
262 1175
5276 6422
8559 2032
4526 4083
8627 75
8298 6286
8437 8792
4383 7999
1738 4183
4220 5944
8623 5398
2659 9887
7482 3623
2284 7482
6777 252
7702 2870
6087 1122
408 4436
2973 4280
3702 1345
1317 602
5183 4016
8185 2542
5491 278
3562 106
8706 6257
9485 7696
2336 614
4415 744
3332 7398
3210 4712
1055 2572
6735 5074
3194 2053
4083 7946
9449 6796
5383 3043
2908 8786
3023 5557
5379 6135
8580 2716
3009 4359
4676 2656
5306 3540
8311 2109
6774 1515
7069 2926
7144 6198
7987 8299
8455 6014
2789 7804
827 7418
3533 4089
9844 7864
7689 8496
9588 3175
5819 1809
1533 5327
1066 2217
6021 173
6069 9402
6886 8063
9384 2499
7906 1128
6935 1777
9459 1649
2599 9106
8225 1757
9468 9201
8828 966
9021 4675
3641 6233
7716 4621
8778 9547
5601 7904
3846 5671
510 3010
3320 8229
5533 1146
2162 2952
9054 5992
6130 3540
9309 5567
6205 6073
7816 8015
8232 8257
7486 6371
2454 3970
3442 8116
3212 8961
1183 7944
9584 7524
3542 4571
3935 3985
8626 7128
4669 728
9725 6292
5576 841
7451 1143
5653 1092
1268 9543
8364 556
815 3955
4368 9830
5962 5514
7334 5364
5495 9093
8695 1432
16 7383
2800 6071
8026 8016
9895 6461
6743 4216
664 6790
741 5406
2445 496
4037 1437
8412 6155
4518 8744
9178 8377
3568 6050
1981 8136
3116 5676
2768 4169
9888 7340
4367 8812
6361 4902
7746 858
7281 6618
3751 5582
1184 1898
952 4753
4398 6213
9531 3490
1910 5973
6200 462
1366 8034
6693 8625
724 9809
4845 1993
6603 2540
4576 7794
3443 9535
7796 7204
6654 5340
4681 6950
2302 4540
7593 205
8148 5187
9550 9477
6307 9598
7278 250
6435 5132
9986 1251
7330 4246
3268 8636
8244 3549
1783 1679
8667 6894
3568 3151
6131 8340
2177 7424
2660 6218
3815 7126
7370 5851
985 56
5569 4520
5233 4592
7385 2309
3671 323
313 8177
6409 2487
4096 9505
5559 7814
6679 8808
5322 3326
3491 6772
1397 1874
806 6231
2883 4944
2949 8720
6080 991
8804 6167
1716 8853
429 3234
8970 7219
2847 6710
4158 8062
2083 8525
4373 9147
2458 5840
2087 1878
8035 9057
2039 782
7928 856
2211 897
6984 8440
7990 879
4480 1021
763 1565
674 9093
3149 3289
6295 1288
6793 9125
5264 4085
7493 5074
9672 5626
7466 6522
9286 6319
2620 7930
8159 1024
2458 6778
1528 1781
5345 9819
4344 9104
7851 8924
6268 1587
5941 3112
2117 283
7630 4463
5564 6381
362 8048
213 7595
9415 5360
9201 3858
5432 985
2941 5684
5676 2786
56 3421
115 6647
7810 3748
1127 2837
7904 3808
2021 7124
7805 3220
6959 8017
1146 744
554 7767
1589 1558
8258 9786
7127 2238
3886 735
9528 4294
7534 8507
5261 3202
8993 1959
7681 1564
9091 8813
4690 5168
2451 2721
562 2470
8706 1663
3727 4684
5303 3837
6444 2559
4080 44
9341 9815
2435 529
4354 7581
9523 1946
1339 8473
3486 5919
4458 5116
4915 9159
2677 5158
2049 8500
2314 341
122 460
8590 1852
2454 2485
4398 9595
8836 7004
6615 3121
5227 4225
6896 9306
6063 9347
5429 614
1632 5508
223 3897
8156 2376
7054 7640
6676 495
6920 4582
7163 9741
75 1115
8395 7971
1551 8014
8658 3739
6360 7743
1802 837
1239 1716
2663 7513
9775 8397
4905 3032
5573 5430
6753 6100
2400 4649
1039 8856
6960 3869
7242 5477
6940 3375
4810 5355
2179 123
5471 5232
4820 2471
836 5920
9881 236
3309 9761
4926 5666
1214 6657
3424 5495
3718 6238
8496 5452
8168 162
6374 8876
4954 5674
5075 2666
7958 785
3759 9606
8798 7869
880 9467
4316 342
8780 4552
9992 2478
5542 9369
7682 5026
9636 3889
8575 6827
545 8774
6705 3825
7134 5226
2607 4093
6452 4065
5828 3017
2165 1444
4995 8823
2752 4064
5304 1467
9346 3403
7801 5317
7114 9206
5867 7551
7557 3080
8081 2559
2120 1900
9871 489
7309 5656
2654 421
9076 2232
520 7992
1146 1864
8562 6178
871 8699
8954 9827
5329 474
5685 1178
7182 4108
2171 1372
6807 2270
6287 9325
9945 8608
6838 863
453 3132
1273 8292
2214 8515
2150 49
338 4870
1824 6225
9898 4702
8758 6322
988 7528
1969 6049
7464 4673
2583 2349
2335 2601
8349 9066
8567 3863
9290 3845
9915 2233
9526 575
9935 1526
6225 4440
9057 5971
1152 1513
5292 1886
8066 5981
1574 6746
6465 525
4121 3495
723 4487
9471 4109
5568 8298
7814 9221
3230 7793
9059 1604
6345 4409
6275 3573
7006 945
6188 3426
5206 525
7922 7743
9392 231
6997 7731
7223 5779
7064 515
9395 6908
4796 3821
8635 1760
7435 1342
8680 5670
9233 8208
980 7143
2357 8548
4337 6080
2069 6696
7959 3650
1487 3621
6309 9508
4012 9127
4009 8374
5622 2618
9914 7634
171 205
1298 8801
2634 4742
3674 3208
7177 5346
5533 1085
8793 8631
9294 185
6481 8760
4550 7132
8920 7684
2309 728
4303 3963
874 8715
554 9998
2237 2076
8110 8626
7642 4065
2326 6960
744 6619
6528 2605
455 4559
8148 2321
473 9201
4165 9286
7463 3311
7008 4847
3060 9559
9457 5954
2750 4694
7829 9620
160 3742
7626 575
5189 1731
7347 3250
5816 4947
1592 7685
3911 7312
3754 344
5445 635
7251 1671
126 5198
9996 8220
2933 9445
4408 6833
3034 2490
8750 4496
8135 2493
4932 1081
809 2300
4086 7327
3356 3860
8742 5567
8575 4932
9278 7598
2039 5979
3473 3630
8816 9102
5999 1853
8573 9079
4119 6523
4112 7292
8199 1813
5174 1355
3790 4483
5146 5632
9011 4474
5577 2323
9263 4142
8645 3969
4773 968
1139 9077
6689 6256
3056 5362
8750 9592
4032 8383
7922 7860
6311 8336
4756 5129
4704 1710
734 2033
4314 1122
7677 8824
8019 9635
8869 5431
637 2409
5362 6011
5533 125
8729 2976
8914 7007
9324 5359
7410 6595
9805 5105
2480 3866
7066 8111
9754 8920
1686 3272
2015 1303
9225 9342
5534 1016
7741 3133
3577 2753
8041 9497
8648 8199
1659 499
8778 1113
622 4823
4599 9798
1756 8885
1825 1357
4764 7882
7864 4575
1692 6523
796 9059
9002 6334
6413 2486
1820 2245
2047 9372
1248 2599
6506 9672
4077 2620
1453 9971
4536 8628
882 7852
9411 5749
4909 4957
3903 7904
5662 8102
2403 9519
9014 9081
6549 8557
8806 2529
8260 3121
8482 7775
7128 5465
2261 7602
6066 3999
5086 6594
797 9706
5048 7946
7238 5092
1544 5360
9639 6115
2351 2418
782 4679
3423 4830
5485 9903
6091 3997
267 1256
343 7086
1864 6898
7742 8091
9117 5041
5826 8394
530 9325
9597 3074
2249 2582
1623 6072
4359 729
8401 709
5699 4391
1117 3381
1463 5736
8321 911
4324 9739
9120 1724
1522 4616
1912 7606
5540 389
6603 7902
3242 7345
4277 7146
2784 3536
3420 9417
244 9396
3014 3604
6549 1892
6148 4708
134 3404
2491 90
4098 7312
7043 2782
5146 6830
8345 3495
2826 5823
7055 7891
3929 7562
435 1365
5823 5622
3901 8809
3745 4265
4098 1124
6119 8625
3606 9100
8719 5102
9822 4033
7563 6523
7380 2936
5013 4535
435 2082
338 7828
3697 13
9972 1723
6685 8999
3834 9754
6494 7226
850 5004
8907 2312
1023 8835
6761 660
6646 2212
2815 8634
6321 1935
7845 4013
3302 2425
1035 2396
9074 6968
7462 2431
3679 3226
917 7908
3925 5602
50 5616
4141 5825
2579 5060
832 1709
6928 6222
7902 1040
5664 2137
3562 8448
7740 9730
530 2134
2661 3143
9149 1357
2433 7198
4621 3129
112 5920
6404 1762
556 3729
8995 6828
4655 1852
6670 7923
48 8591
9883 2744
3509 5280
9753 8723
5356 6619
8509 2483
7524 4377
487 9226
182 5806
3843 3150
2593 2079
3884 5133
1459 8286
1467 7584
4307 3812
3917 1034
6123 5210
1122 4782
2340 9988
9537 3547
3705 8363
4122 3813
4493 7685
3812 7104
8009 3538
2580 8139
5630 998
9791 2135
2136 1710
5302 1395
6371 5265
7073 2454
2535 9253
8215 3719
8671 9242
7448 6716
168 7255
6813 1070
2229 8623
7672 8053
7247 2943
6373 2021
4409 8232
2834 5477
401 4531
3467 8135
4339 7542
6973 6553
4807 737
4461 7671
4347 901
1985 4619
5276 130
7835 3827
3837 8363
3063 4572
1946 8809
4634 5920
7303 8888
7353 2890
9633 6594
9628 2242
7542 3174
7463 9481
8416 1013
2168 4818
3004 8249
5808 1275
4601 9538
7544 3160
9468 3118
3957 3306
337 8611
3845 3264
6155 7388
5849 4938
7916 63
7789 4006
2849 407
4290 4458
9125 7139
317 6028
8006 1658
8889 6321
8020 4793
6471 1808
3253 7370
966 6322
3829 8114
3389 9097
2859 7496
8340 9386
1127 9453
4595 9528
5832 8908
3586 6191
6122 1648
9536 1657
4748 9804
2240 208
3711 4747
797 5793
4411 9349
1854 8777
7980 5146
9588 6239
3657 9982
4032 5582
5189 7937
9905 7629
7390 1210
1627 9068
7203 4783
2436 1645
8083 116
6489 5053
6016 1261
7821 8366
947 6658
7889 3026
2889 5006
3326 7414
7978 5155
7791 7976
7690 4447
2620 4471
8089 5475
2290 2710
1477 1173
1262 9788
463 2420
3736 939
9915 7091
5964 6362
9393 3333
7859 7361
4480 2035
4944 8945
3106 3836
5415 8974
7851 4218
5720 683
8763 2109
9561 7520
7635 4646
1841 9417
9796 1010
6961 4222
4642 5553
3821 8891
1608 9762
760 9435
3462 237
1758 1238
9733 5084
7354 7140
314 5543
5736 9836
1673 9802
3973 430
4337 4517
2018 1498
9781 4241
6360 6699
411 2586
7397 6531
6685 8493
9796 2419
7998 1823
5691 2583
4422 7783
6638 3789
2830 89
2256 9296
2391 2848
2330 7941
9812 151
9220 7777
3608 917
1473 8661
5210 8835
8151 7463
3685 1146
3163 5854
9340 9406
699 7994
2698 5329
2549 2365
3160 8485
1862 8906
9528 2354
8652 7465
5326 7936
1564 819
8367 562
1056 8224
7281 7903
1112 5995
2994 1214
6145 3823
8596 1517
308 3249
4709 6062
6613 6073
6237 6639
2091 158
609 4132
7471 5964
6117 867
8094 981
6351 1292
4281 3601
1462 2611
2860 7891
4872 3500
1883 9579
8219 3537
5063 7489
9627 9507
8112 5588
546 4747
2677 8735
502 5083
2936 7844
5245 1750
8909 265
7195 8872
3200 8124
7548 6611
5925 6339
9453 136
2507 5732
5444 318
6330 5614
736 2818
2732 2323
9339 4204
7624 9298
3979 4489
3785 8373
2200 634
1725 5828
5961 7960
7609 5380
6039 4003
8602 255
2035 5254
8006 6305
2467 2200
8241 5580
3031 5873
9788 5417
3786 7206
2663 6348
4484 1924
1559 1634
1740 8582
7379 6714
1931 4546
5640 749
9692 1606
7389 8507
9839 8938
9105 8931
4797 9202
1391 95
1381 9267
1763 4282
7317 4383
983 4623
1748 2767
6439 1439
8284 3084
2707 4830
5366 9625
3922 1291
7854 3697
4978 3899
3109 7000
3406 4336
9044 7665
7529 5915
4030 8124
1495 5691
943 393
9739 1120
4545 4926
3483 3121
6077 3328
8720 918
5790 3121
2777 4739
7425 8583
8990 3890
504 165
9074 5964
9022 7768
450 8355
3830 832
7067 191
8012 3097
5656 6515
3229 469
4872 6395
1266 7127
6158 2997
9990 1887
8978 1305
377 3053
6245 6614
4254 5300
3666 5114
4799 8092
591 4477
3056 6164
8947 4827
1841 5282
4242 5500
8364 3864
9715 50
9743 9573
9986 5214
4388 6053
18 2016
6955 6775
6026 6329
4057 777
3200 702
8297 7409
7716 5003
4193 8970
2131 3298
6160 777
4443 6655
5492 1484
5262 1353
9608 8766
3024 5527
1578 8521
4987 2444
842 6584
4290 400
7230 2808
34 3709
914 8923
7300 9507
3229 7912
2287 5256
5056 1362
2330 6512
5031 9603
2175 7284
3042 9621
411 3906
6781 9277
8738 8497
5418 7765
9568 2319
2065 4149
4618 714
8622 3629
8531 6679
936 4593
554 5746
1122 5360
7505 5986
2922 4483
9304 3192
2799 2047
6856 6420
3872 6375
2780 9492
3056 9938
761 5179
9317 5668
6878 5769
6383 1531
7078 7868
9238 4601
3290 8243
2988 552
2196 59
9105 6479
1583 568
4470 848
2826 6450
5785 2682
267 7625
6319 1698
1216 4838
2319 154
7136 9599
7227 1979
6641 2054
9210 5364
466 1616
4833 8894
3080 7117
6736 8939
263 7657
5240 2699
6230 702
2858 1179
4085 6739
3019 3386
1866 5429
6979 2761
6406 6192
2517 6447
2567 7737
7945 8870
4422 4204
6085 9205
4833 1550
6538 6539
8019 2014
2891 7557
7759 9661
840 5900
3612 9254
7896 5214
6186 5371
6069 6279
3651 2126
1473 1260
5196 3561
6919 8243
3626 5467
2301 6002
6418 7760
3653 291
8169 9419
6706 9969
3354 258
3319 7907
4582 4151
5323 5153
2325 7614
5849 2215
6058 7887
4 9237
8789 4906
8280 4720
3267 290
3387 7497
5584 9320
1507 7400
8876 5685
9681 3749
4922 2723
5562 5954
6677 8649
2279 5832
2590 7681
8994 7645
4401 6503
8785 3039
5846 9216
5471 6720
4371 1668
1253 4077
5022 8602
6296 7789
7695 3055
9820 6675
68 7075
4551 3007
9759 9056
9648 375
3754 6759
1622 3293
2347 4985
4300 6494
4994 943
8130 2839
703 1590
6687 7843
4976 2490
4970 3717
4888 7614
1784 4911
8188 2982
6080 4877
6759 7201
3787 5361
9997 3542
9319 8188
3564 7689
1018 2213
8862 6170
4019 3417
4187 7467
940 3567
9404 332
6395 534
4234 5877
4104 1918
6517 9951
7802 112
2624 1439
1818 9083
5034 2992
1865 2972
7367 2476
6397 7193
8349 8615
9702 7786
4459 6888
9375 4228
9395 2564
7921 1460
2617 504
2977 9908
7955 3715
409 6477
2640 9599
8147 1513
3237 4682
2370 2499
7570 6085
2571 1054
6756 1656
4737 1854
8835 8735
4415 3639
7451 7926
653 8097
3593 7084
8102 6613
4379 3079
7456 9622
2202 3796
2938 9566
6163 9001
9684 596
3520 425
1800 8615
8550 930
8246 8794
9928 6279
9597 7036
7256 4053
9062 8498
8653 981
7802 5540
2545 6349
6852 1185
9617 1778
8033 3135
8200 7519
2404 3299
7989 5371
4822 6057
7992 1065
6187 9937
6508 3921
3759 5238
2414 8551
9423 7436
6251 1477
660 6133
1016 2010
6649 2593
6715 8254
4974 6416
7623 2049
1814 2500
4549 8959
411 4120
2397 5682
1938 9719
3780 6868
8216 2314
687 606
1643 4226
2982 6114
8309 3774
1444 9922
1427 8297
8011 1804
3157 7300
292 3394
750 636
6260 5722
5930 6647
4314 9775
5823 4480
9605 1617
3244 6684
6386 4976
1695 5336
9826 1376
6643 3201
8170 8521
278 256
1205 8254
904 9360
8884 4200
5999 4973
3030 5247
2744 6299
6578 1716
7016 4368
9313 2206
7440 3023
7177 6511
255 6562
6899 8034
9809 963
2174 7955
9973 9943
5421 5050
5869 7
2875 1494
3102 2941
8399 9827
5336 1015
5338 3991
9775 5579
1885 6334
23 2200
120 704
6414 3508
557 3916
3684 7767
9699 7460
2438 5267
5239 3844
9287 2191
1356 4272
7263 6111
5939 2201
2574 4817
1366 6251
313 7334
5534 8054
9669 3770
6596 5591
4898 1634
2660 8499
4846 9602
7118 7855
4699 9609
8007 2319
5786 6857
3900 4425
5846 4406
6022 8869
9982 8539
6761 756
5290 9315
9366 3305
5471 9339
3745 8856
2941 6497
3949 3034
2549 7128
3042 8970
7608 7516
2353 7887
9883 716
8718 3526
631 601
3020 6204
4972 9497
7927 8373
8102 1144
683 5404
5240 4700
210 7239
7844 7076
4170 3573
9020 3836
452 9607
9875 6175
2681 6025
2621 3818
759 8492
2469 2457
8409 2129
4157 2848
7717 6019
3280 2184
6591 1618
4052 2036
5691 3720
3371 7663
9024 7641
1000 4116
5128 684
6270 8136
1347 4128
9236 5272
8043 6749
293 6107
2418 7769
2548 9988
6551 5475
3149 6215
4904 7119
4855 3589
8577 3486
8581 3526
8451 970
2188 7633
6800 8891
7502 7915
4803 953
3573 7834
1452 4750
763 6004
4409 5735
9430 8777
4464 7415
9889 2793
4760 5304
133 1748
6184 4975
4696 2557
9847 3546
1516 1610
5667 7305
4263 7146
9437 631
4338 5091
1953 5171
7675 2583
2627 143
2598 2562
3077 5876
4448 6179
7477 1024
1043 4260
2387 509
7910 7048
3569 4655
8812 3057
4451 7466
237 9163
4901 5918
1633 3064
3964 5568
3768 6504
9028 4086
3607 2788
377 5102
5326 3655
7122 1948
4085 5851
5159 2958
1187 1324
4307 3581
7921 4442
3940 978
227 8336
8079 6019
7334 5340
5217 6665
8776 6011
9953 6255
8816 7826
8945 4249
9742 2363
4018 4718
1469 2266
9479 6580
2949 1515
6514 375
1933 2027
427 5
7118 4383
8192 3641
2915 8852
1957 2098
7037 7220
4460 2191
6018 1618
640 6233
5493 6466
7979 9245
9153 5192
2168 2004
8383 7419
2051 8513
9399 9382
7564 4455
4082 8731
650 2981
6542 9668
4140 6846
2299 6711
5930 1977
3923 9477
4859 5250
4375 944
3648 2251
3972 6071
5613 9987
2116 143
4712 3968
8992 5471
2826 2652
7379 3960
9474 4234
4074 367
7865 5363
8568 7865
3904 9857
182 3714
5829 9512
1704 5721
853 844
7498 7964
715 8355
9049 75
502 5351
8942 620
2041 6935
5349 6250
92 1740
7452 2714
3216 7444
1526 9501
9312 3004
7664 8299
2659 3470
7403 1954
7198 1700
9944 1850
4261 9624
1954 6052
3026 6827
8436 2447
2174 1678
3403 4550
829 8656
6054 6633
4871 9204
731 1094
1712 5854
8211 7813
7480 9722
6837 3117
2014 6616
3488 5430
4448 9912
7234 2140
974 5615
134 2524
8525 3
2506 2750
3831 7145
8270 9888
7167 5576
3321 6523
2610 3593
4901 9091
9049 7006
3210 9200
7963 28
3897 1908
5552 7574
2990 8329
736 2391
9257 9224
6537 9276
4598 7640
8335 1324
4152 1234
9118 3188
7428 7213
9036 6627
3417 794
2682 7631
5118 2046
8584 1139
3316 6679
616 5974
7819 6125
1098 8984
7424 2359
8023 4347
8675 3511
8778 2204
982 8995
7656 7597
882 9233
4960 672
8276 2030
4702 7473
2149 3803
3497 2481
5015 7652
7884 2331
9338 8062
9426 4373
5775 237
1994 1333
3940 783
5242 9037
8174 6633
7168 5493
8661 2491
2148 4995
2889 7138
2281 6345
1858 7467
370 4027
8357 6175
7137 1515
3330 7519
875 5283
2842 9453
5447 6574
6318 9396
6181 1588
7779 9142
795 192
7410 3056
4138 6288
700 7643
4272 5401
6682 8642
4663 8324
8546 6187
8699 3208
6374 1637
4488 5077
4406 6284
4977 2346
8261 6219
6861 4468
4330 5758
8140 5876
3293 1107
5320 1628
6513 4013
7303 2214
4113 4933
7900 9296
4723 7629
2477 1447
8025 5362
4223 3599
2694 6094
2941 2349
6637 8166
4808 6866
2997 9591
152 7812
1498 7544
305 5306
4429 5532
3809 3827
8443 1014
6421 9364
8234 7001
3323 4573
272 6827
3075 3558
7566 9062
926 5835
2026 9339
7320 4209
8970 7331
2179 6740
9900 1635
6505 1918
1379 9035
3570 3830
4139 5931
4198 3875
2093 8786
890 1324
9231 1973
503 3261
2451 5689
3049 7736
6095 221
9507 9125
5965 6838
7023 183
2616 5560
787 9677
3623 8462
1648 9170
7958 4311
9651 3858
1424 1197
2158 8297
3049 6979
2833 361
2264 3082
2098 3911
3089 4544
4524 6787
4192 4678
5235 4275
418 8108
149 7403
7085 9755
5356 1114
929 8734
1121 6084
9686 9006
8586 2472
3252 761
6948 3021
1617 9262
1036 510
3044 2680
9734 7918
3817 5301
6209 5210
1982 2561
1058 1610
2410 3732
2108 1236
829 9796
6466 6861
4131 6360
403 764
2034 1627
3444 3854
2178 3785
5339 335
4652 3769
5079 5243
1515 999
6653 401
7407 4685
110 3633
3857 2429
4532 5314
1841 7326
4715 5026
8667 9392
9980 3579
9480 6829
5653 8446
9504 9903
9060 8735
6077 600
5474 1117
8874 7154
6220 2780
9867 3955
5933 8721
3862 2732
6456 7673
5631 3758
208 8663
1618 4090
9770 9032
3081 9796
10 9492
7134 339
9835 9203
1898 6871
6491 617
2955 5543
6722 9392
5876 8535
7123 5184
5086 2387
7930 9790
5020 5962
8790 8190
9005 4089
1088 4950
3531 8498
537 97
160 6490
6675 9437
2472 7340
293 4738
4225 253
6882 4078
4639 8909
4131 3618
9884 6022
2065 7571
7324 165
4479 9661
3535 9266
1923 475
112 1501
4533 8923
1595 8407
1296 770
7659 8330
4854 3644
7472 9750
545 2573
5071 5385
1651 4409
7268 3675
2783 6429
3795 8979
9392 4424
5596 5881
9367 1913
3181 5144
6162 3686
9025 6447
4936 4406
5670 9493
3553 4620
1981 6151
2306 7216
8250 6832
4950 1692
3771 2835
616 7856
2517 5992
4830 8866
8073 4001
9183 1717
4614 167
1124 9189
1368 4646
588 6429
2639 9458
1578 5477
8330 7956
5657 8539
2130 5173
9536 2860
8019 5845
5905 2847
4565 5288
7499 7951
5993 127
8111 899
6975 9599
3807 3724
4148 7519
6962 8810
952 9075
9061 9019
7981 4432
6668 7425
3452 4763
5590 5359
3810 4323
5437 3184
9160 9352
1500 9652
5280 6966
732 2807
5243 8658
8359 944
3927 2239
7038 7299
1958 2334
9254 7555
9610 5360
9484 6024
8396 4824
6666 4569
4188 4482
9201 4150
1138 6491
5318 6820
3763 427
6234 1029
7391 8758
1169 8212
8439 7882
5635 1659
4733 1093
5329 1169
931 3367
8064 5458
4757 3920
465 844
6723 2182
2465 9572
4583 292
9291 1844
6693 6338
9740 673
1855 9869
8207 428
584 5460
4294 4677
9088 8430
3850 8743
1742 7851
3370 533
2189 9381
3743 9295
749 6162
2432 7488
1738 4009
5265 9558
9930 4383
4486 3775
2223 1453
2966 6813
6236 8800
3275 1638
9364 3100
6997 3691
1631 7965
5166 4067
7478 4316
8600 8835
1197 6427
4819 5292
9712 8861
8475 3889
6822 1893
5853 7011
5986 8233
8314 1275
4985 7842
2756 9507
9630 1667
5110 8785
1608 7204
8209 8097
597 7546
8192 334
8040 804
5949 8349
2461 5381
9036 3687
6269 1081
709 4608
3214 2645
3407 1960
1026 5616
4808 7518
3311 3640
8801 5692
2175 8802
2086 3763
2269 9490
1116 3092
5984 5843
2882 791
4341 9619
2842 412
4612 718
4145 8028
6709 8486
2762 1003
6171 2220
7257 4652
8830 2381
570 7264
839 28
7474 9133
5828 9096
750 2295
9771 5753
8120 9646
8811 5101
9351 4196
2223 9497
582 8137
7372 3118
1325 4261
8425 1418
1035 1345
7774 9032
1398 6290
5124 7301
4969 6531
7884 1184
4091 8334
9724 7581
3408 4118
6005 6933
8793 5268
9456 1950
1319 4157
230 5347
765 3836
783 1664
6723 6193
18 4092
4135 6181
7739 1138
5742 3209
5178 3198
135 8970
6552 8065
8001 9827
37 9905
2611 6592
13 3345
1993 8746
4729 88
4463 835
7489 9728
1861 2432
2335 2829
7282 9886
5471 39
7733 6114
9298 358
5991 1617
4514 9434
5068 1849
4240 1316
8857 7274
5417 9845
943 2565
3927 4113
3717 9839
5107 7694
9220 3873
2057 2943
2859 7088
1060 9736
7059 1892
1096 3997
4173 1991
318 2299
2696 2844
9785 6979
9758 9897
3384 1294
9374 386
8773 482
5492 9027
5514 4576
6788 3322
2467 7942
2903 4223
7982 9496
5084 8145
8639 7350
3295 7455
7552 6666
8438 799
4934 6544
1656 4142
8127 2098
4185 7749
6823 2159
3953 8612
57 4808
9658 4222
5954 1703
5464 8192
8210 139
4355 6287
4732 8052
1695 2285
2381 2744
9277 3624
8617 6464
9818 5167
4544 9059
837 802
5088 668
1774 3733
1172 2314
9034 4656
7947 2516
3699 7478
51 9239
3724 3072
7027 4701
7043 9254
9240 4348
4319 3481
7351 6872
9144 9216
9890 4742
9701 2220
6390 414
1729 9434
3280 1451
5847 9173
4143 7379
4589 6022
1797 4254
2461 9001
536 7157
5485 8797
3333 328
192 679
6484 4203
9878 3972
3782 4142
7982 8553
6315 4264
1436 5640
2080 8927
9734 5666
293 1175
4392 8147
1805 3797
1655 942
846 6446
5699 4374
1241 4129
949 7175
5715 573
5560 1695
2994 9584
9716 3516
6260 334
7701 5842
3128 9082
1674 1017
8912 4340
5370 8945
1550 7775
6513 5267
5275 301
5191 1766
9270 3962
658 7051
3418 4306
6802 5077
1881 4336
266 8248
3556 36
8478 5917
4220 7311
2936 5455
1251 4478
4901 3957
9836 2017
5804 7916
7297 5463
8927 7393
867 9336
7802 2024
8059 1678
136 4251
2991 6337
5380 1171
2145 1790
7133 9356
9889 9555
5795 2840
803 3754
3983 9714
2555 1775
5039 4029
5397 207
8318 5033
2577 3743
1425 9330
187 4534
8094 2869
7913 7000
2984 3855
5869 2480
1621 5331
9578 9114
3392 3432
4756 9290
1642 9933
5488 7820
6796 7338
2490 3641
8759 1572
1910 3570
8268 2877
574 4397
3416 4262
1945 9177
3863 2849
7725 6335
3258 6823
6171 471
4882 8003
633 3940
4396 3513
6302 8845
2887 9943
6934 5225
3200 4790
4564 8710
8815 8540
807 5286
6378 7746
7125 8439
759 2109
9845 3310
2175 8875
2793 8431
1614 7948
6296 9115
7847 5483
1353 2678
9221 8199
3291 8355
2364 5714
1794 9391
685 1909
6395 3031
2600 7710
6369 695
1756 439
7800 9616
7898 2324
8071 1685
3192 8761
3363 5283
3329 6917
6278 8394
7897 4528
6446 4988
5471 8300
9841 9168
2011 4634
1374 451
8438 13
560 9597
1001 9539
4572 4795
7422 4949
4265 6286
3491 9372
3999 7232
2221 6990
4087 4542
1064 3444
2771 7158
7740 7449
1399 6974
7436 9585
5428 6463
9688 8595
9462 5692
4931 4357
5187 5651
3007 2691
8323 3422
7635 8507
2879 3350
2478 2231
8002 7318
7542 8104
989 3191
5561 1644
8071 733
7749 2844
4401 925
579 6565
9223 5369
4621 5809
8450 2138
5712 1808
2282 4393
1629 7848
9817 7914
8378 4967
4491 5797
3910 7424
1985 7026
8441 6506
2277 32
5913 8161
6840 5299
6889 6550
8167 600
2012 9578
2860 2821
8519 1235
8353 5426
117 7624
5807 94
6116 2863
3749 2528
124 2768
883 6011
6048 5798
6518 3068
3901 6354
6766 9043
3135 6603
8363 6716
7667 8918
6919 2281
5319 7629
3356 1454
8686 1839
1494 1384
9792 229
4035 5770
7837 2508
1847 6278
3666 4292
5597 9941
1332 4468
7879 883
1050 8887
1830 3690
7815 7
6325 5385
6660 2388
3248 2432
2540 8497
5410 7035
6081 6780
1692 3449
5949 744
561 5767
979 2553
9982 8462
1395 827
3991 2166
4012 2031
1581 8149
1163 1314
7451 809
5954 5132
9824 6861
3237 7714
5575 4155
8349 8281
5825 1455
6159 4712
5780 8355
2103 3576
9293 9836
7630 8891
8194 4272
8186 7334
4594 787
7700 3628
9469 5885
677 9016
2928 553
970 7654
872 4636
2151 8175
7864 7312
5752 4592
5862 3869
578 3238
8815 8739
2455 5256
7307 8934
5961 400
5979 4374
4566 5975
5455 9881
7553 7116
2948 1655
338 5521
5786 3923
4771 147
2948 5489
2139 9299
6121 152
9384 5302
6135 3270
2101 2677
2359 5306
7035 146
2363 4594
4724 2216
2276 5777
4618 1581
4353 8221
4350 8135
9377 5426
7909 40
4425 3478
9229 6439
7649 1834
2269 1996
681 2954
7866 1960
698 6434
6406 5247
935 9596
130 7987
1089 3306
7268 9262
458 268
7461 4043
5041 2671
8993 338
6668 467
2849 6478
9540 3975
4565 1037
5402 4722
6362 2387
1431 4225
812 4187
5138 9528
7573 3852
394 6839
7540 115
5459 6155
1304 8867
2622 7085
1995 4950
9792 7723
700 1902
9988 3233
8148 9980
2157 5188
8923 1964
1556 5579
1139 3691
8592 1402
4545 8807
6051 1708
3724 4785
1472 5196
4990 9345
4827 4336
519 327
3897 6035
417 6121
7975 5805
6703 5262
70 1841
7278 7141
2707 6212
8941 755
4853 4629
2249 4455
1024 8205
6865 8732
4598 4723
1625 1562
8013 6444
9449 8521
1436 8510
2165 5604
6526 6528
6072 1270
5961 1360
9225 6819
5897 7392
9616 6709
8102 7422
1474 2370
5860 366
4887 4470
4104 1510
8573 6115
792 549
2517 5761
5451 2321
6763 691
1280 4621
9508 6808
315 7779
3392 7723
4986 6723
5230 2184
5077 7512
63 234
9716 4195
9010 358
6298 3031
7599 6510
4303 752
5728 5667
7836 7568
1736 5162
5904 4376
9767 6185
9919 3311
1158 9455
9081 4674
4941 4909
6185 88
5957 8469
5764 2561
8743 2205
7617 6874
498 9920
6664 8368
6700 2577
5219 3327
320 1789
5521 7893
9750 2156
4281 2552
2272 116
1916 5024
480 2202
1491 2754
9255 1989
1735 1290
920 6721
3472 2565
4619 9405
21 3496
1630 4930
6754 689
9334 3936
9016 9112
2691 3622
9534 6625
5857 525
4613 8353
2875 5218
1305 5945
1482 3391
3907 2884
3802 2373
3611 9770
7518 2136
3547 6894
7354 5095
9423 411
3534 7606
5561 4485
83 1402
705 2607
3230 9136
5433 2281
7889 1658
4350 9427
9409 3031
5274 7778
626 6670
4055 8109
3390 7207
4574 1142
9140 214
5357 2016
7069 9541
1783 4817
6315 7948
2422 1941
8810 144
5739 4620
2696 2949
3350 8705
7969 5121
9057 6872
7138 2623
9190 4980
6751 4029
129 3186
7233 5843
9377 7509
6823 2239
7880 1167
9277 1489
8801 2248
7434 2976
5521 4222
9379 7048
8086 5898
1245 4369
9100 5258
8848 9869
1390 8753
6007 4909
7562 6183
9123 592
6669 7486
3935 7610
3294 978
9455 3165
951 7308
8001 6998
7965 276
742 8550
2337 5792
6202 9451
8302 8029
9422 9435
1731 5400
1687 4445
3803 8938
1519 3588
8919 4558
7898 7672
6878 9088
515 9538
1771 6788
6100 4884
7236 6464
8229 7123
59 8248
7323 3507
1245 4708
2322 5053
2695 7791
6341 4159
6297 9358
8042 6560
4227 2826
8011 8350
4860 5437
1087 6214
6609 8613
6743 2848
8826 872
4036 548
7208 7685
5749 5117
3899 2930
5598 5416
9280 2056
853 1128
7287 5383
2838 3226
7235 2774
2951 3968
1275 2123
8853 3309
7565 4851
7837 8716
9586 5343
9927 541
221 4188
2844 6988
5773 3453
7096 2847
3969 151
650 5501
9643 1817
2889 4374
1293 6933
1217 370
5520 8111
6907 138
1764 9170
9178 6989
3042 3289
4705 4128
2717 9121
7571 6326
5494 7240
1874 6695
9983 3265
1049 240
631 3688
6101 3750
6228 8956
6990 1320
2239 7870
8643 5409
2457 5237
2307 2439
7084 6011
6632 6995
4396 8711
7230 9133
3292 6583
5570 8547
4876 4122
725 582
9120 8216
8912 5073
2749 2639
7809 6
5628 3883
9507 1095
9505 208
5756 814
2357 2055
4496 5898
1807 5667
5650 662
2449 1823
2683 279
1470 4598
7843 5842
6010 3438
1692 7256
8810 5297
1311 176
667 7818
1870 6527
2686 105
5752 9030
448 7795
8091 6695
2120 9833
4867 5461
4954 7634
2560 6760
889 5064
4439 7162
9161 716
831 3345
7073 1911
1899 5081
3231 9087
4871 3342
5334 6754
556 5042
7107 4690
6542 3345
5262 9452
5892 7903
6939 8694
5847 4089
5759 6213
7923 2193
4256 9448
4028 5088
4454 6453
2010 8759
9021 8414
1988 1462
8908 3664
3771 8280
3632 471
9677 4265
4450 7009
4042 8790
7495 6414
1331 6959
6342 1792
9902 8555
3684 245
5094 7432
1819 7502
7776 9708
6777 5276
1672 8894
9781 4534
3177 6923
1404 4313
9820 9669
506 3916
520 6094
8100 2606
5016 7085
1409 9231
3178 4107
8777 4776
7379 2317
246 3879
7520 5966
8551 3867
5847 536
612 8937
428 1278
2699 505
3247 857
8217 1408
5859 6237
8244 1386
2426 8056
8405 227
5003 5046
3587 8675
2102 7108
2010 7268
1950 3519
6027 1185
2293 4456
6509 1325
1541 7526
1121 8700
9098 9528
243 5010
7854 4086
5196 3414
300 4770
9300 9363
9462 6481
7557 1115
3554 5712
27 8376
703 8820
3896 2689
6645 5554
5092 9221
7451 392
6433 87
3490 8118
1068 1558
5822 7149
2800 1207
2468 9426
2900 1601
4335 1518
5141 2853
3805 1765
6494 5752
4359 993
227 4671
6653 75
7566 150
9119 9830
896 124
1209 6632
377 8719
4886 1189
7107 3951
4293 6553
6617 642
8857 8370
661 9172
6842 8152
7270 4360
921 1786
7536 6911
1328 4935
3693 1267
1512 2869
8930 6145
6004 9425
2957 2738
107 980
1866 5284
3875 4605
1861 1577
4201 1505
5657 7660
2349 1165
8167 5867
4121 8867
9907 149
6946 7896
3320 3394
1448 4185
3947 9881
4120 1317
6013 2194
7120 4236
5561 4217
6418 3074
7150 5339
5666 7039
8647 2641
5274 6662
630 8822
6188 1456
6223 4918
9831 8789
8960 3029
9715 1702
4734 2025
7239 9193
9483 9044
1674 1634
8996 7138
4534 4139
1175 2044
3128 6768
8306 3623
6788 9801
2149 1356
4326 4581
6873 1413
4099 9935
1419 2416
2478 5520
3601 6307
5030 6321
1069 9452
7437 954
95 9316
2531 6332
8052 464
497 1976
3661 9458
1985 1354
4059 4723
9770 4981
9141 4373
6186 5740
9996 1369
1533 3754
1366 8316
8986 7823
8726 1774
6476 824
61 2193
6637 5562
7258 6650
6942 346
4061 4631
5316 3132
6889 5709
9613 1862
6071 892
1632 2304
311 4305
8323 6986
4930 185
3029 5226
7051 8925
2347 9664
2163 878
152 1544
7372 9502
6326 9004
613 3145
3713 5283
9588 9886
8626 6586
2387 2286
5946 5373
5905 815
4228 691
1816 4605
9197 1075
7359 7902
4223 1398
7413 6608
8185 2666
1934 9010
7450 5248
9291 1836
156 4708
6049 7387
2782 9111
8220 1597
4890 6570
2733 4261
4485 1688
1758 2828
9956 7360
1782 7332
5388 5422
8279 8586
2722 853
6277 2504
6161 9772
2801 3988
7625 5218
7508 9512
1013 6879
1783 2462
7221 520
1215 7560
9322 7982
4310 1178
2896 9412
2004 7589
4533 7116
7533 8784
3640 9197
2819 2645
6509 274
3180 6837
9852 7874
8607 6921
6905 5991
7144 7254
8479 3101
1995 1468
8726 858
4581 8715
7588 8068
9998 4466
4255 8835
9594 6246
2879 5252
4766 1532
3634 8503
4912 8563
5290 1431
8264 6897
5809 1187
8243 1992
1820 9645
4790 6388
1725 3070
2975 5300
2931 7443
4470 9890
2221 9689
7011 6241
2667 2513
842 194
6661 7695
5249 3763
1397 1893
3506 3957
4703 1751
2475 6072
33 7899
3651 469
8357 5647
8583 8103
6675 8134
9315 6183
9667 5792
9564 6899
7729 117
9369 7035
3433 1550
466 7335
3090 5825
7985 472
999 4343
7813 5930
7168 1899
8838 1090
9791 785
5779 2042
2711 3328
8582 1142
5271 253
8377 834
6259 3702
3393 5178
8787 88
3784 629
6101 7358
6170 7935
4238 935
9622 9058
8654 6817
1716 8992
4802 5240
6085 8784
6898 5877
5349 7362
8922 1749
9005 2481
9350 711
3381 3364
6423 6913
9351 7760
2610 2608
4096 9998
8472 4490
4399 1956
5616 6739
3295 4979
1679 6039
7970 1437
7018 4506
755 7088
6547 2826
3309 8404
8239 8605
6378 2093
9032 8893
6003 4188
6382 492
9447 6152
8360 2582
8887 2901
4968 6930
1341 1967
4605 468
8141 6869
9490 4754
7748 6724
8339 9633
9229 5343
4592 5899
9091 9672
5546 5487
736 3710
9227 7302
6307 1778
4322 509
1504 4184
4540 9044
3010 1367
2766 3778
7244 3836
4686 8930
5133 4034
8993 4894
8529 9334
4975 9622
132 6346
2051 5773
8305 8520
1566 6737
9241 3424
3979 1413
7263 5520
6798 812
2273 4816
5814 9284
8817 4023
9953 7277
3489 669
1343 6901
3388 685
5646 1009
8081 6310
884 1593
1483 4992
7020 6529
8524 3030
8183 480
5960 5987
7476 9615
7597 3069
2890 4431
9009 8073
4881 9911
8692 6313
9169 4457
3540 9209
6003 3152
8703 8882
6931 9353
2850 1704
2855 3226
4576 2919
6041 2499
8431 4421
224 5136
6045 5651
6221 8424
6848 9125
1569 8085
6490 860
28 7024
3323 8013
2480 7832
9744 3904
212 2399
1834 358
8244 8850
3546 5271
2646 9042
7848 1992
3336 4819
6802 3894
7348 4753
4321 5809
1605 4586
9960 6568
4276 7037
7398 253
8267 4172
7595 9828
4970 5696
2342 2589
4600 9610
9517 2236
6865 3329
6374 1361
2494 2189
3970 393
8867 6239
3498 33
6289 8747
2737 9890
5068 2019
9080 8093
774 5665
4353 9811
346 8384
1996 5202
8309 5432
5853 7816
4415 4036
4158 1781
4776 5266
5824 2673
1501 7798
8733 4231
4505 5179
5945 4221
9272 8999
5575 1921
8567 2666
5816 353
6599 5923
7486 3879
3793 1535
3294 5935
8291 3951
852 4295
1256 3124
752 1378
2102 2538
8751 8008
8305 9006
9957 5150
2749 3054
293 4477
641 1371
3395 8082
4934 2829
8704 7330
9774 6356
3541 2039
3666 3926
7835 5595
5588 922
615 3743
755 6527
8403 8697
9789 5641
9975 1097
1263 1930
1255 646
3271 9209
2614 9897
1803 9458
7240 5189
4114 1402
7701 9922
4608 9916
5545 4805
1055 4821
4296 7821
2328 5001
2879 8605
1233 4352
6326 5505
1169 6560
9281 4991
4623 4007
3526 5851
457 3158
9992 5542
912 9461
8466 6692
1615 7079
7856 4329
1837 6203
3271 2928
6184 4667
5365 4424
4626 9205
451 5371
7496 3188
4023 6715
1644 8634
4181 8091
8868 8876
8102 8904
5355 6378
7153 3907
2870 8841
5349 7276
865 9551
5609 1787
6824 6379
2570 2382
7154 1790
8324 7803
4631 1258
3436 7776
3650 3061
2377 7951
3953 5898
1811 4527
3417 8476
4468 7649
8055 2904
1852 7056
1073 7734
9152 1603
8091 5787
1810 963
8934 8735
3212 7252
4275 1158
277 1250
7381 2845
4918 6520
8515 4978
2534 5056
1181 4624
1553 3970
9542 6934
2696 2747
9584 3667
5026 3180
1014 9905
7025 3963
6562 4651
2207 3611
9775 7851
5558 7315
3208 5844
4335 5949
7199 8905
9090 669
4554 4633
2988 7740
744 1064
719 8384
3410 1259
8563 9913
8860 9631
8938 9355
4442 9750
8465 2867
2192 3167
8211 440
7409 4545
6776 8816
7993 756
3722 4412
5782 2428
9128 7793
1697 4674
323 8963
9035 4497
1237 6591
3122 6554
7794 1062
4643 8421
5447 7554
9097 1524
9823 6886
8419 6613
4517 5526
9908 5445
5123 8767
6692 140
4056 1029
3828 9032
361 4024
7151 9465
3934 3602
4827 7478
365 5728
5471 3419
8628 8122
2399 2432
5583 3408
2546 1879
7882 5186
2565 3697
7585 3420
5224 8605
6515 8093
886 8814
5764 2403
5874 5448
1089 9061
3260 2279
5759 7933
3043 76
8269 6687
2549 1701
5832 1818
8386 9432
2732 41
8431 8236
4455 4262
2214 7156
5498 1773
9994 9480
8122 6457
1688 3425
627 6349
825 5841
6443 9329
9812 3293
6132 8998
2720 9689
1931 968
5287 2094
6414 5151
4134 8874
1243 8178
8754 5220
3427 9689
9812 1642
5005 3805
3589 137
6791 7806
8965 8856
7255 8112
4324 3857
8671 2547
5587 830
5455 3774
3093 5468
5637 3384
5376 9822
9503 7186
9344 385
3041 7812
6122 4119
2 3138
3069 7651
6753 6539
4820 5408
5845 7007
6873 9181
4033 3594
7507 6553
7222 5312
4176 1655
2803 2135
3614 9422
4968 2956
6436 4752
8216 4755
8973 2101
3389 1070
9060 6611
4837 9801
7051 3884
5706 3344
6501 7956
4847 8702
1652 8670
5062 6771
4988 9442
6158 1712
4599 1277
7146 7970
4418 5044
397 9465
916 3046
673 1285
606 3358
391 5068
1582 210
7113 1305
7550 8411
4700 6004
7465 1553
4129 6954
7070 9970
8265 1673
1372 1454
2472 7882
5934 9938
7059 4412
3264 6879
2852 3913
4495 6007
2332 4983
32 7108
8632 2605
8374 8469
2156 975
2039 1141
4187 4105
5000 1577
1129 3540
7236 9798
4344 6055
1292 5869
5790 8397
9672 3925
9816 2495
6971 6291
3943 2175
4549 5687
6665 4880
7843 2470
2243 7476
6737 5440
3914 9876
5439 2142
2353 9590
8721 5418
6572 1998
1968 874
1347 9459
8686 7002
8306 4940
5815 1301
9501 3063
3442 352
9217 4742
1303 2371
3590 3175
9387 6437
5936 5375
5943 339
645 2482
4871 3708
4793 5633
1790 4204
9268 1984
8198 4099
309 179
8389 4513
3169 596
5915 4145
8516 1364
8792 2799
9383 5772
907 7159
530 3950
6756 5468
6953 2029
9243 3777
8466 1813
1274 3975
2343 7433
2533 8852
1287 6120
2762 8732
7831 6794
6787 2959
3381 4732
1897 7887
8573 8198
1954 6508
3828 3350
7659 2557
5762 2683
9152 8349
2717 6079
7880 6944
7408 353
8590 7953
2746 6943
4794 8057
7955 9757
4783 2878
5865 5252
3677 5606
9001 4490
8614 7334
1034 25
7918 8603
7555 6399
2107 9604
6172 9842
3884 4554
5809 573
2870 7181
8979 748
58 7437
4409 5072
9042 4498
5877 8143
3722 2936
8081 6523
7163 4186
1319 9165
6706 7994
8736 1630
2320 1018
1348 5874
2059 7338
6096 2577
9441 846
6390 7491
7260 299
350 9800
7313 4158
4538 2705
6131 2186
1880 6014
564 4300
8800 5109
1212 3404
3533 2284
6162 7026
2921 4979
2615 307
5776 4705
9602 1607
631 2681
1094 3640
5541 2616
6015 1080
2831 9214
8171 9087
6082 9143
2294 8256
6825 2901
622 5879
1599 108
4054 1394
7598 4857
533 217
710 8240
9790 8299
7273 6897
922 7670
1747 309
5761 5187
4503 1499
2808 6508
2788 1849
6485 6586
9414 225
6862 4159
4889 7859
9535 7053
5529 9209
6169 4769
996 2675
2120 9552
2049 9182
8205 220
2906 2195
9435 8946
5077 4442
9885 2772
9185 6938
4324 5102
4123 1422
382 359
7407 6837
2881 1942
8716 3621
8952 4622
3424 5453
340 808
979 8966
3284 9211
2736 4406
3151 6251
2430 9057
6030 6411
1933 5499
9607 2656
7467 8238
8116 8547
8006 4389
6497 786
9212 9811
5044 4517
3246 2355
3144 1864
2899 4685
1842 2730
4408 2353
6132 9904
6166 6947
255 1062
4492 2723
8787 7491
1899 5367
9186 6968
7809 6600
8499 1110
7020 294
2003 41
4272 7897
2757 9444
804 9045
8026 9866
5767 104
9676 1558
5040 6932
2868 312
3683 6388
7339 7917
1567 1772
78 9513
4212 6353
2538 9780
4130 6946
919 6206
5596 18
3602 8528
6668 51
4418 9969
9456 8881
5307 9441
8466 6472
1969 118
7429 562
6980 8864
1515 4225
4858 1787
6115 3062
8651 961
2848 8107
1910 4377
7573 1011
0 6960
9533 4204
6076 98
1287 3534
2710 7461
2542 6195
1370 5635
790 1043
8386 9938
9314 5562
1212 7233
6419 6824
5753 6481
4731 2278
8034 1005
2544 3808
9238 7864
6139 867
5902 5346
4336 6132
4129 4934
1113 2874
7987 3731
475 1529
1112 8533
2841 6092
9639 9743
4935 6014
6921 1256
5703 7653
4321 5663
8463 6268
4741 7100
7660 5164
8539 6420
464 3062
2335 6872
5686 4559
7824 7339
4934 6952
6187 1742
4132 5257
3998 7274
2211 7530
6447 1946
1767 3790
1701 6290
2808 9884
9076 415
8835 7579
1254 9277
266 1129
8581 1935
7931 2408
613 2654
110 1190
2382 4145
7495 4567
2519 7350
6476 7777
3198 7146
1729 2628
9572 90
3855 3780
1525 9287
3347 1012
1349 6480
4098 7041
1414 2014
906 4536
5750 9121
1828 8277
4213 4386
4774 3481
4613 5333
4197 6183
7642 2574
1575 2587
4209 5420
8582 3127
7500 8214
9713 9260
6075 7905
5996 6833
887 1371
2744 7635
9591 1319
3726 5305
1734 7765
148 4803
860 125
8354 6863
6936 488
9390 2967
3103 7308
9843 4746
8766 706
8816 8357
6380 7765
9741 5166
7403 7144
1081 5085
4045 9173
8175 1528
1234 1134
1270 7625
7167 3570
3031 8238
9211 3294
6394 476
8804 3148
9209 6049
1839 8605
8438 9221
7628 1791
4040 9836
3127 7787
2640 1883
4762 7229
155 84
5040 7457
2640 5055
5492 7159
5721 5255
6744 306
8766 655
9491 6626
9084 1295
34 1868
4837 1519
5214 7219
6210 5342
8846 8406
3443 7951
5091 4150
358 7697
4785 7265
2614 9626
3454 8928
3243 3343
211 3417
6287 1298
9183 9922
5905 5785
9915 8979
2146 3303
3256 102
8749 9913
3653 3774
6052 7327
572 3969
1237 4292
7564 5188
8059 1724
5921 9409
6193 1194
4527 7687
1 2795
2798 7791
5435 5346
5167 6870
8945 2689
4781 6364
4287 4161
4415 263
9336 5726
138 4869
6875 1521
4611 1612
9941 8283
2657 4128
8080 7163
4833 8000
3992 3037
3539 7229
7262 9424
6626 6073
2646 17
1345 4775
1659 6025
9009 8149
2435 3984
5967 6067
1341 4860
8266 6591
8438 3674
7250 7038
5562 40
3244 4424
9832 188
7026 9009
447 9333
1495 1728
9988 6524
1192 8142
5766 998
1230 2716
2184 825
5584 6689
2493 1784
4310 9007
627 9917
3736 4977
9861 7762
9269 3635
4196 7324
8575 6558
7552 3765
5203 5231
7361 1605
9798 8290
3154 3099
7579 448
9341 3261
4370 7474
753 9050
1498 6097
7951 40
1799 4940
5493 6176
175 5269
1857 1282
7342 5896
8888 5941
8665 921
1695 367
4367 9273
5973 6670
316 8485
9076 7265
5719 7035
7916 6998
3899 4585
6000 3456
1555 4132
3948 9252
3134 3522
7379 7968
4435 1028
3240 6937
9262 1524
2946 8704
5175 1543
579 4321
5092 926
5809 2423
5397 1903
6211 6479
9485 9467
6088 839
6912 6492
7408 2995
9208 9213
1246 3516
9650 7686
709 2549
9797 386
3632 4316
7346 8110
8286 6648
1207 3937
8666 7813
1646 9363
6713 5642
9635 8059
3612 8323
8386 2937
7269 6352
4511 5084
6454 6745
6895 6176
276 924
4003 7192
7115 5941
8405 6149
7132 2568
1034 8640
6673 2670
6664 2186
9634 5690
9489 4397
9023 1191
6510 5373
7421 2032
2279 3569
478 859
9054 7993
2041 8195
5435 347
1192 8672
978 573
4832 7893
3825 2689
2828 2054
2197 7096
3154 8260
157 2548
5831 5943
3622 655
3166 4455
2245 1329
539 1990
6003 7058
7030 413
8322 8237
427 8418
6686 4956
9103 6291
5983 7862
2365 834
27 5138
4126 1772
8120 278
22 2807
3551 5729
7579 2072
780 8961
9521 623
4898 2849
4385 1599
9227 5539
9192 7726
1405 5238
2827 245
3961 1876
6376 7252
221 8475
24 8582
3672 678
8529 3916
3453 8135
1752 1416
4705 4883
724 6216
4559 4505
3405 1741
9595 33
2642 6424
6436 9006
3882 8176
3490 687
451 4818
7918 6391
9127 2869
