1944 2628
131 1470
1402 1246
1235 297
2464 1250
1758 1928
1829 758
2469 2785
1570 86
1064 1622
1393 1648
2142 2008
134 2231
675 1498
703 2097
1096 2173
2733 807
156 2965
2666 2825
2711 2639
338 1620
655 957
351 1570
452 1320
508 476
639 2745
2051 2613
1120 876
2962 22
123 73
71 2393
1012 2104
1149 1653
2506 760
1343 2358
943 2229
1049 933
2464 300
886 1035
767 883
2083 2918
2158 2954
1506 509
1526 1120
2867 2110
1205 164
1254 2714
1814 2137
2500 2073
66 2612
2763 127
1717 1077
335 1770
1756 376
1109 1807
2794 1455
1739 792
1345 2662
604 2245
1165 754
2351 172
708 1247
2879 2182
2554 2796
1006 607
185 437
2818 1585
2166 1925
385 1326
2335 2734
2857 2936
2544 2815
1280 2840
1164 208
770 1207
857 1773
721 1739
1244 301
2911 2009
292 814
2342 972
2035 2526
289 648
14 1064
2916 2006
37 2954
2885 2420
2414 2431
2318 1703
2284 1085
1290 784
2277 2901
1853 2544
2418 1003
1905 1961
1519 1145
378 179
746 1116
275 256
2280 282
1306 797
2947 2223
726 693
2088 1531
49 2835
2580 1057
2224 2707
743 406
2047 2502
1953 740
2793 1401
2464 747
54 2505
2980 2523
1669 2781
2193 2592
1984 1031
1668 1426
2447 1736
1105 2623
509 2583
2337 1424
831 2934
2241 1037
2803 2514
453 1333
2781 1901
1619 1287
100 385
2212 742
1139 1882
910 596
571 2209
2956 2254
1085 1889
399 2864
1454 344
2965 1701
2812 1572
1704 676
2973 2199
2178 2354
654 1376
2500 857
1777 399
2158 1802
1096 1565
272 2308
1565 390
2111 536
1164 1516
1028 1264
2352 1545
1702 628
570 48
880 2137
313 1209
45 2799
2563 727
815 1029
577 1536
975 1099
120 145
1366 2475
388 890
2674 1236
2775 1733
1701 1765
2719 1047
1359 1243
2662 1400
332 2711
2595 1477
1641 1583
1725 231
1031 319
1648 2655
1185 908
2536 1601
2178 2301
2426 1474
2048 966
1859 1744
382 666
1327 612
1941 2740
2731 2022
2265 42
2215 1926
986 2871
2331 2450
593 1771
538 1417
2091 2402
2684 1546
2114 2734
29 570
2910 465
2803 480
1386 1867
1405 2207
1835 996
1038 1544
548 2702
969 2232
676 2930
2887 2773
537 1822
1771 1761
1494 1136
527 1281
1728 2034
1503 148
1838 2410
131 1147
1510 2708
115 1826
813 230
2363 640
782 496
2381 2400
1292 174
2757 2876
515 875
2224 1019
376 283
590 520
2440 1669
766 2223
718 1076
1456 2235
1759 545
622 2577
2199 2271
1556 2491
2174 2466
2479 626
2541 1020
1690 531
2050 1158
1387 2708
1532 1207
1652 2340
2344 2900
1997 1764
2969 1980
982 2574
46 1887
2082 2000
2198 75
1416 1125
2919 1986
1083 1273
2555 2355
1345 566
75 347
2897 655
230 504
2237 2609
282 2706
479 1833
1124 1078
1512 1310
1746 1600
1628 2860
2909 381
1257 2698
724 27
1470 305
1683 2453
703 2169
2123 6
79 625
1634 1257
1103 99
2211 2091
1322 1666
233 1702
67 280
2725 1570
574 305
168 682
1219 2422
1690 849
1082 774
376 1743
176 1879
1371 2555
919 1813
1853 759
275 101
887 675
1953 2361
1750 2535
1002 792
469 2256
1269 1849
355 86
2347 2556
1557 1296
1676 2597
1574 796
1359 1334
2242 111
2302 2080
514 2333
2744 245
1410 678
1384 1085
463 1789
682 2778
2932 2630
2870 786
1619 676
1029 2626
368 2100
1864 2610
2593 2801
2265 1048
1434 389
1025 1332
2190 976
880 1926
1407 1936
2363 1087
1198 2070
711 1378
886 553
2755 64
1955 1825
396 2290
2376 73
1331 503
2102 1618
2121 1251
680 2833
826 776
2955 1212
791 2011
2596 142
1645 357
1473 732
1012 356
817 1523
410 1942
2223 1056
1085 1330
2434 196
1911 1635
1896 258
1483 753
1424 2623
983 2605
1431 2948
2482 273
1683 651
2100 1755
1315 2284
469 1764
2783 874
2517 1360
2852 399
2955 100
2623 2072
2881 119
2227 2598
2213 575
2438 2795
2786 2738
1310 1014
404 2261
2424 386
579 1755
33 1281
2823 454
1077 1688
1410 1899
941 1456
2579 637
2310 449
2814 449
2876 2682
1688 2609
1790 777
1641 2168
82 2987
2818 2265
1713 1905
2030 1924
1453 2968
1365 1061
2183 1219
2563 1042
2942 1207
2928 994
1498 1923
1104 2101
958 738
1555 2979
1915 2614
2006 1829
1185 1250
1488 1954
536 1203
2321 2527
2221 2061
2244 1543
953 1214
22 2626
2795 2825
1535 2925
14 1018
2901 606
2757 2489
2575 1089
2634 1900
2407 2668
1582 549
593 1340
970 2925
2600 1754
397 2811
624 1662
30 1206
2462 350
345 922
1259 643
2415 1378
407 2616
1421 1939
1667 2831
1327 2833
2415 2114
2765 2617
2865 1411
1563 2593
831 553
1575 1439
2692 791
716 5
830 1531
2155 518
2009 736
1601 1984
996 432
2035 398
1336 1369
1349 1248
1233 1042
547 2361
2702 1507
991 317
1458 535
1905 2085
2637 1071
1613 1864
2868 747
2253 2144
940 1447
615 1311
1879 1281
2666 860
1541 787
2906 1661
243 2905
563 1106
2849 2896
1346 2516
133 1856
30 960
710 1120
661 676
1075 1493
684 2501
793 2774
1343 2682
811 1951
2326 505
2524 16
216 1300
160 2362
1625 2464
2960 205
1511 402
2444 1585
2171 1709
1315 55
1066 412
1743 1122
1283 952
1467 2568
2795 1215
1190 1231
2316 1795
1553 2166
492 434
380 1537
377 1086
2183 56
59 739
596 2085
2482 2336
482 1576
2606 2844
1731 696
1206 2855
2383 512
704 546
2178 1996
1479 2619
641 1591
154 153
2474 75
1208 2569
2209 1083
1642 1043
2087 2256
2073 1692
1356 1542
1087 984
533 1771
793 683
1673 2756
2185 2149
2989 2051
2139 112
920 1664
501 2287
2280 1003
1761 1829
2307 1684
2551 2950
1698 1255
2963 2054
2144 679
519 2788
504 2838
777 515
1916 1062
580 2909
2082 543
1300 860
2889 933
1091 1175
785 973
2409 1277
2920 2333
2720 2505
1417 2365
2925 2498
2007 2358
2202 765
1440 2661
1121 2305
356 619
2955 407
981 2500
1879 2076
2136 2386
102 333
2201 2494
858 2822
1605 331
1999 2895
137 2351
1618 1603
416 1270
1782 2734
433 2021
1317 2410
2607 663
2619 2030
545 1351
2847 2468
466 643
1707 2813
1004 130
2946 2612
1069 2234
2065 1995
2884 720
2846 1014
509 237
605 2306
2663 185
1962 1777
1238 2926
576 1230
1324 676
2704 2583
1555 2308
949 1564
638 1916
44 1770
1253 1542
1418 1307
1415 2245
1109 494
1498 1325
1948 2575
414 197
1970 2507
1511 1676
2174 2419
2897 181
1270 2578
2606 1657
514 2780
2299 224
2005 1005
2625 2131
1301 2403
2751 2672
980 561
1444 2683
1951 1592
434 2006
2540 2844
1230 693
1992 1361
2356 264
2454 1625
0 2726
244 555
679 602
887 1320
2700 1997
1903 2173
478 2824
2422 1720
2822 1275
881 2986
2575 1591
1801 1184
2198 893
387 2037
2185 1145
2283 2151
2588 86
1072 2332
1494 1303
648 1305
2538 1392
644 2774
185 231
47 2458
1301 273
128 1959
2609 2989
111 2570
2100 2719
2459 2577
2812 1531
2969 2849
2167 1079
1290 1787
620 603
1076 1410
1168 215
2800 1835
1421 329
1091 1249
421 2409
2742 669
1380 2259
2032 151
1923 705
492 747
2617 1914
2885 1978
1356 2323
1413 1628
901 345
741 1455
2818 2856
343 711
428 1674
2439 1730
1889 1279
64 1798
4 2518
1955 2362
1216 390
1650 422
1316 1747
218 1439
768 2392
671 227
1141 1629
2737 2997
1835 2229
524 782
2356 1063
830 1953
261 1663
194 1344
1773 393
2921 296
1830 1649
2960 390
1449 2137
596 2436
1062 2112
1914 2596
897 1131
2539 2456
1231 379
1141 2780
56 2492
597 1441
1591 1093
1079 1062
2572 1248
1112 1629
2146 143
2555 559
2484 2241
1688 2261
2403 272
395 476
1803 2160
1248 1996
1691 2111
372 1581
1539 1203
1286 983
2680 436
1917 1772
1755 2296
1763 2436
2952 2284
1975 2653
2897 2766
1712 2965
2746 772
893 1302
520 2696
250 1628
1259 699
1301 790
379 2282
1519 1870
142 2730
1870 271
671 956
1086 1922
1875 100
415 1333
1588 2468
2746 1209
232 1416
2838 1230
1692 1166
431 1477
602 2468
886 2137
2170 37
1787 523
301 1673
2695 1505
812 920
1406 2331
2639 2675
1409 1729
554 2464
1770 1996
1113 2448
2128 2096
1340 1966
987 450
437 558
81 1268
1534 1815
727 730
2064 1783
979 2952
1255 57
2870 2178
521 301
1559 1647
1429 533
1914 2827
2320 1488
1360 840
2098 1141
2784 2424
2047 1501
1067 154
1234 2188
1981 1342
1292 150
2992 255
1914 2667
2266 260
980 390
1766 1418
826 296
512 1906
33 1155
1458 106
2763 1086
1796 2243
1909 988
392 2967
890 345
595 1757
2372 747
2312 178
1666 688
1767 1981
1438 858
1746 646
877 324
1583 244
1833 799
1186 307
276 2597
2610 1823
1946 265
2212 1215
2585 2441
2757 2608
1701 1618
384 2061
1412 447
71 2216
1112 2805
94 1088
2531 2013
884 1879
1500 2502
1883 1918
1487 1239
310 2535
2411 671
2394 1815
885 2201
2493 2918
2018 1743
428 2828
58 1753
536 682
2048 1778
240 122
278 1968
1578 2148
1157 310
2786 1775
1650 575
957 2824
1932 2609
128 2425
1209 140
2297 1081
1296 734
2087 1724
562 2604
2054 2303
458 687
50 418
2691 2976
2285 570
2601 2969
1051 1530
927 442
730 1917
2944 1037
2632 539
1097 1742
2884 1662
1539 370
2638 191
2014 2123
1803 2082
473 2182
921 2075
1463 2794
49 363
2027 1596
1586 2179
164 1363
1041 2771
291 2669
22 312
2481 76
1939 104
2726 1617
678 1315
2308 2803
869 2456
2514 1508
1225 2832
476 97
274 1851
0 2803
1066 510
1139 2543
2055 646
986 694
152 1260
957 1953
1696 412
2021 1366
1608 515
438 1103
2671 2428
304 301
1829 184
976 2257
2045 2296
1763 210
1873 32
2138 1888
1303 1785
824 516
80 1643
2361 1826
1345 2806
533 1956
2499 323
1626 828
2966 2964
320 2317
1794 1716
1765 2807
301 2652
1737 1013
209 1595
1187 2485
2653 2857
2938 171
1819 825
1345 2578
546 1937
874 2760
1146 1431
2651 1269
1604 1625
829 1872
2268 2953
1561 2726
103 1876
173 1176
1678 541
964 96
1245 2962
2908 2183
525 1154
2961 2406
1189 2026
2735 2799
1448 339
2076 1591
567 1714
1660 2578
375 76
1558 363
2045 1875
1532 847
2566 1497
2480 2541
1204 400
1161 2516
1258 1579
77 2648
336 2317
208 2883
1866 1572
2155 2756
1515 2705
2152 367
1007 303
618 2233
2229 694
721 2286
2812 867
2027 976
133 1894
1526 894
781 1191
1729 2191
798 1397
419 2017
1908 141
323 1163
2682 2891
1766 2459
439 1880
719 692
2211 417
2761 720
1283 383
1960 2694
1092 2632
2294 752
1636 2282
1433 1684
900 2895
2953 2341
2809 281
2560 813
578 1860
1594 2505
1964 2242
1515 193
2265 1359
1552 1659
1912 2826
573 122
893 2228
1158 2504
601 1256
489 2637
2772 335
1848 1091
1359 734
565 2552
206 695
1991 143
2994 1193
561 523
2341 1797
1584 1649
2662 2622
2325 1345
933 2972
769 2656
1489 589
357 1158
180 1312
596 975
1392 1648
1872 376
90 793
1817 903
589 338
460 2519
1154 1110
2480 2215
1715 2209
1868 2470
1047 2716
284 1262
1807 1238
98 1082
2695 647
128 2988
2897 1673
2940 1912
643 917
1037 703
584 1039
2818 56
1548 520
1746 113
241 2974
94 2278
2847 2866
2010 1796
1273 557
2570 405
1642 2039
177 1944
1381 94
541 388
1108 1168
1927 2929
665 398
454 1923
424 349
2547 1411
1229 1665
2774 196
2434 64
504 1719
2193 1024
1010 1340
632 2110
1483 422
1906 980
663 2545
257 430
754 2290
1034 770
1596 1323
449 2121
2638 425
2067 566
2538 2132
2291 1274
361 2835
476 298
2239 2322
1981 1238
560 1097
1378 1886
2518 2906
479 2490
306 6
1919 1583
1520 852
1227 129
479 2943
2767 1602
2549 115
558 333
2162 1020
789 903
2355 219
365 1491
1559 2310
2458 1880
1606 2531
1153 290
892 2017
2030 641
2573 2219
2011 1649
1755 1249
1948 2911
1635 196
2671 1709
166 2286
1530 899
2971 804
1709 2058
546 66
1022 2598
2643 241
11 1487
892 1055
250 2260
1241 2915
2404 1165
1070 1547
1408 539
1192 164
2251 1678
1642 397
1293 2762
1084 57
608 2951
2421 159
458 900
1433 2911
1249 1456
2077 1731
1990 2412
2239 152
1722 2648
2347 904
909 353
520 2462
597 2947
2874 2693
2155 2017
2904 564
986 30
2317 386
945 1743
420 1538
2328 2703
1540 379
911 1534
2819 1399
2345 1143
1519 1230
151 2429
8 2678
2137 2569
2873 1761
1456 610
1277 2107
231 2946
2974 2991
920 2537
1832 2189
1651 961
36 2778
1464 2805
49 1604
262 406
2805 1711
2260 611
1914 2481
1372 1836
1643 2911
2800 563
1221 1746
2436 2944
2083 1250
1747 360
2929 853
454 57
826 1763
2511 2980
77 1761
1828 2552
986 2361
1502 591
1891 586
1177 407
1037 841
390 1895
950 740
244 2747
240 2310
1294 1719
2531 1693
1925 2452
1097 1188
590 810
947 2484
1791 410
969 2062
2530 53
2807 1654
1068 2887
2515 117
399 1122
1770 1917
100 1601
2346 153
2532 2930
2426 1441
661 318
182 647
1378 296
1399 2729
1107 1527
2999 851
2500 2858
2714 2328
249 2575
256 1597
1375 200
647 466
1086 931
261 1750
99 53
2763 1846
2521 706
893 1321
855 2435
1405 1227
501 180
104 2700
1712 769
2656 1908
437 613
305 1262
754 1222
1759 1158
1128 632
1668 1232
2357 2084
2728 2367
1118 1837
1521 990
1137 616
802 614
2576 1853
2591 2237
777 2982
2382 759
2467 2114
2233 2828
2396 1855
2072 1310
2301 1314
140 2317
1239 116
1398 2408
406 123
734 2234
1835 2785
952 1727
2376 1197
2080 1266
717 1605
190 404
1271 2533
837 2147
2408 2110
493 2285
1506 1070
2168 2679
1588 287
1042 2670
1855 2143
2305 1329
2787 284
1860 2185
2034 2930
1232 2687
174 658
2389 1952
398 64
648 767
531 1633
450 1199
897 2263
173 811
1818 2819
534 1573
1012 822
86 1439
2435 2980
906 849
625 1149
2419 343
505 769
184 558
1787 40
719 2572
1793 2667
594 2705
2624 2586
1406 1901
883 1779
1823 2799
1058 852
944 520
2807 1293
1142 210
2465 2301
1036 440
2505 1703
113 1331
1146 1608
1389 2157
2798 1952
2739 2326
1083 923
720 1545
164 283
1562 1675
108 724
1819 2447
2389 1059
565 1952
2206 2148
407 2180
2548 2751
1094 1106
399 2341
2159 1120
45 301
1568 819
1124 2998
1118 411
1313 1432
1785 1898
94 2139
332 2154
527 635
1369 1152
2133 1447
977 1865
1708 2605
1193 479
1751 1891
1064 1079
2827 748
1469 307
1321 886
1101 2399
1469 1972
1170 2818
2100 2653
1511 2467
2442 783
167 109
793 1745
2262 673
1598 2037
2008 1303
1693 1334
693 2376
1620 1627
1550 1458
701 327
513 2273
1926 2813
2871 2415
2274 1421
1423 1240
1882 213
1020 540
942 543
1513 2905
1893 2875
589 1973
1389 689
706 2093
1588 2733
1423 2013
2133 1591
1053 2493
2158 741
2942 115
1549 352
1169 2955
915 1656
2018 216
825 973
2663 1149
975 2211
1398 2517
76 1129
1049 755
2231 1302
1636 1295
2123 2376
2533 2054
1642 866
793 2973
2528 353
2000 89
1368 1668
615 781
2653 1966
2923 1665
2150 2130
789 2548
1652 1641
1921 2702
2072 1970
2648 613
2325 343
2094 586
2237 2151
1534 430
592 1118
465 1894
1111 1197
1813 2736
1590 2591
2906 1585
47 202
896 1957
51 1454
2940 1138
1044 2765
2865 2218
1455 367
1332 1451
2989 1913
1888 1396
1872 2689
1015 1878
2034 1464
1498 116
416 284
567 2089
1534 2561
802 2405
925 2916
1903 2563
2303 1084
675 1874
2915 1309
162 1870
788 2338
98 2147
2276 878
1471 1525
2765 2255
2288 2230
1512 2896
207 1805
863 794
1926 2735
572 1598
2101 1117
1685 2361
1728 266
895 45
1060 1119
583 1391
1770 1701
256 1746
540 599
790 1240
645 553
2113 1288
2997 608
2045 193
1834 2072
134 153
1218 420
257 1770
1637 85
1942 1826
1095 2434
194 2853
635 1681
808 2057
1123 2743
111 638
1724 626
943 1792
1622 576
2341 2106
1009 1067
2079 393
259 1212
961 2146
206 1128
293 441
2815 1419
928 1039
1312 1760
2921 1503
2336 203
1694 2021
2680 2995
1415 2107
2686 1463
387 2178
350 2364
305 1305
940 2248
823 1237
2727 2774
1566 1573
1799 2750
215 9
2535 1832
1718 127
894 1709
668 9
2471 627
92 1830
2936 747
1435 1987
2455 216
2674 1574
352 2646
1151 183
220 2900
1455 444
2252 71
1369 2159
1883 2061
1420 2830
1513 1731
24 1150
2340 355
650 2117
2960 6
1529 931
1687 1074
2133 812
1612 2664
63 373
89 805
243 2648
609 1498
987 2541
872 826
629 1999
2614 2423
2133 2345
2282 106
581 107
1699 2645
2144 2557
2906 166
2342 702
1667 275
1393 1585
1499 2757
2671 2093
355 131
528 1976
498 1139
2383 759
2689 2518
1038 2565
1423 1449
42 2469
2317 308
2525 2197
932 865
714 1857
2850 1187
2947 1233
2444 2089
2814 2321
1573 2525
454 835
653 1373
1302 1106
1029 101
2528 949
1606 2982
204 1071
649 2151
2556 2831
2257 2743
1244 585
2477 1004
2903 1576
1489 188
716 30
1580 1117
2679 1729
1477 2571
780 1252
1822 614
687 2255
1491 2396
1695 588
1420 2346
1313 64
1309 139
648 777
2838 1474
1433 2866
1919 634
2445 880
2940 1960
2824 2408
1694 2889
1823 2856
1145 2926
2678 1438
1090 1256
303 2593
2569 681
335 90
204 1105
2514 2782
468 833
535 411
1000 2952
2142 1556
1151 2760
301 2851
124 2284
562 2578
1138 2104
1731 127
878 2933
1657 1169
1348 1616
2411 2907
2994 1989
1239 2436
1809 1813
139 2327
33 193
1842 2862
372 2234
2602 2207
2995 1551
473 2000
1260 2010
2944 284
1109 192
1760 1714
1883 266
1825 2622
811 396
1034 798
2441 1338
722 563
1103 674
2349 1618
2269 706
2090 238
1615 2967
2929 1324
1196 1007
282 1171
2570 1284
432 1853
15 1901
2781 2063
1915 2250
1719 2513
2249 2827
2728 2498
2356 1838
475 179
854 428
2922 2374
492 1223
1149 2803
1485 1266
405 2974
2801 2637
2142 2425
2991 2067
1939 2322
1470 714
2643 2112
29 1006
1729 1871
838 978
921 2686
2692 2444
174 841
2390 1556
321 2536
636 1769
1204 1555
94 56
1573 696
2236 1122
702 1115
2040 384
2329 2001
2320 1149
1920 400
2127 2025
1154 1414
139 2118
1874 1069
2905 2929
1050 640
892 782
773 621
1245 1032
513 1999
37 1444
1563 2262
1349 2928
1102 246
2594 496
2237 2367
651 1560
1718 78
410 2637
2681 818
2450 2255
2370 39
74 2680
218 585
1015 17
788 1814
1918 2392
2170 1295
1771 2723
829 2947
299 1900
1387 457
1486 128
1770 191
1489 605
1611 1828
1576 752
2330 2334
1456 1705
1138 2848
2873 540
1421 420
2627 764
2529 481
1608 77
2318 2433
1919 2246
1316 722
457 1490
1234 2479
1772 1226
1321 722
1357 1896
1151 936
1754 626
23 2305
2085 2401
1133 1210
2229 1318
2231 2049
2711 2952
879 1364
850 2956
1310 1159
2383 1681
355 168
2703 142
776 696
2894 2851
1277 2825
646 913
2206 2830
2271 191
743 2396
1497 786
1865 379
612 2872
2164 1448
2391 1408
164 115
2349 386
2280 647
1069 1271
1389 1195
784 140
1401 1405
2886 2497
2011 2910
425 1664
1064 2597
2459 436
2953 2852
2348 2992
2672 1689
939 2384
217 1274
1477 712
2174 249
764 112
2594 1431
551 2752
191 680
855 1190
2538 1906
2585 2513
1492 435
1351 176
2708 167
746 1364
1216 2659
1634 2199
2163 425
293 120
1872 2520
214 2445
2364 2502
2949 2899
1794 901
933 340
1768 1608
2522 1085
606 2761
1985 1643
2983 2952
554 2194
2920 2505
2272 1642
493 1667
1265 1438
2811 1809
1720 922
352 1055
1024 2920
1238 1810
2827 1271
231 2900
57 1161
1403 42
1508 2296
948 2396
936 892
1066 2169
616 771
259 1277
2523 1973
1738 2912
2110 1523
1376 1995
2795 1084
1256 1217
143 2316
244 2464
2697 2793
2478 2980
821 2738
2793 1742
161 1903
2821 390
1511 2408
64 490
2345 955
1402 569
355 2612
1786 1048
2106 2107
1412 72
2547 797
1300 2619
542 792
1435 385
1848 1827
952 1678
1755 35
321 1187
242 942
1878 2345
22 2615
2749 914
696 666
1586 2640
1189 2513
476 440
2185 1062
220 227
472 1238
921 2371
919 2942
1329 1238
416 2997
1298 898
740 254
2391 1766
1035 2560
1798 1088
976 179
878 2536
1848 521
2085 2672
2448 2391
2975 918
1254 1543
316 2432
2208 612
2520 1899
2465 2984
1686 2552
1602 1341
2174 1788
1085 1294
1923 1226
2108 610
634 2191
184 2797
1444 1225
2646 2138
2068 701
1796 2696
844 1523
2985 1416
2010 2329
2978 769
1048 273
216 2632
857 2151
1471 1175
2983 1540
282 1008
1074 1312
1354 935
2731 2463
45 1737
46 2635
619 1261
2190 345
844 430
2602 843
2486 2514
1741 865
690 1122
2132 2837
141 165
1496 1674
1525 1515
771 1952
2065 484
1455 1711
2187 603
2626 1276
2218 1834
2878 1933
1175 2883
2733 2917
481 1896
553 1421
2700 1759
1129 1280
420 366
1736 912
952 247
1128 74
610 1648
1548 2419
2179 2025
130 246
154 963
167 1835
2461 554
333 389
840 22
2728 328
2282 1892
1622 868
2240 2828
588 419
1881 598
1549 795
2488 1462
1125 2465
976 409
556 915
1346 339
831 1047
1081 2263
0 717
1287 2258
2789 893
1928 2692
1814 1399
1092 1052
464 798
1939 2327
1359 991
816 492
552 2804
2160 503
2900 2631
1860 1976
2208 237
1657 1287
1769 2513
961 1143
2062 1258
2979 772
1662 459
1613 306
1431 1852
2633 2507
1240 690
862 2773
1207 2496
397 862
1276 2472
2484 1076
31 674
648 2510
1493 487
1379 2216
2157 2514
2021 1647
1544 68
1294 1202
2007 1723
385 48
1543 2479
477 1572
631 1441
2941 1354
82 1232
703 2893
1824 1792
2682 2022
1063 2833
1496 2051
566 986
291 1041
2186 2008
2588 464
2266 2111
2422 1250
805 2995
9 1439
76 779
2979 2784
113 1723
2497 2501
1238 709
2547 885
2347 1267
1517 2314
2111 844
1377 1983
1559 1881
2210 1823
805 522
1916 2268
336 2777
1463 320
1545 1467
1202 1443
2078 1646
309 1449
2447 540
2558 1503
2677 2579
1509 210
1082 646
2163 629
276 2035
1765 2813
1780 73
391 514
2475 614
1323 1084
2427 347
1640 1359
1547 837
487 2509
877 1961
2297 2511
881 1339
1357 2248
1469 554
2246 1861
92 2219
512 2812
2034 1553
1539 2017
2554 790
680 1983
78 457
648 1193
414 1148
1372 1765
2709 1648
2015 1705
2036 727
816 1326
2409 1486
2884 285
643 629
1696 1810
1180 2277
788 364
841 229
898 2589
1942 2584
630 1293
2546 2518
1080 269
362 53
2060 1170
650 1869
1427 1153
1973 1477
258 2809
253 1101
2072 2417
2190 2785
278 2071
2181 542
2655 2082
2215 2948
158 2509
2132 1752
2526 2809
1042 1077
84 869
2621 335
2009 93
740 2139
2133 1084
791 2102
997 1542
700 2513
349 2199
2617 2270
2864 2418
2508 2841
4 655
1927 710
2091 597
1919 1483
1747 439
2339 49
71 637
425 1045
1767 202
4 2109
1363 2966
994 2249
1437 2839
1122 1784
2563 1553
2058 388
1612 1479
2303 1147
578 2644
2134 1323
965 1259
2087 1360
209 1439
537 565
2774 232
2384 1078
797 683
2011 677
2074 2516
2546 921
1044 1618
1061 263
2794 928
976 1564
1168 2372
2379 584
822 1909
701 2976
1602 2598
664 1921
148 2249
1975 2412
2063 450
316 2650
2704 2865
1031 2333
1814 83
2833 240
2626 582
407 2052
1256 1183
2297 2369
691 2370
538 1365
1670 45
2386 684
967 394
1710 1324
2966 2223
1385 1603
491 1043
2636 623
406 1863
2282 2578
1792 1078
1527 1616
2343 2570
2766 2471
1942 1789
2928 1554
1066 1482
578 2970
1073 350
2744 1929
510 485
1094 1588
1759 485
894 500
2896 841
1091 1353
144 1051
1620 324
2864 1962
2100 1903
2460 2163
414 156
2066 2111
2045 199
2488 1273
1042 2552
1210 2842
1639 1265
1608 1027
2008 1952
1902 2270
553 1337
118 2314
1106 636
2200 2673
1032 2822
41 2415
1053 2551
1225 2225
2671 1599
1638 960
1942 2357
2071 1369
487 2694
2683 2802
2086 2902
1671 466
2424 2943
2590 958
2662 675
1906 604
1965 391
2945 501
2403 126
860 2052
2828 1462
2425 462
2274 2484
304 1413
1931 1847
594 2549
1836 2243
2741 33
2948 1941
1716 395
1595 2566
1899 167
409 1998
1337 914
203 734
846 2636
2135 961
2756 1423
2465 624
713 155
1319 1977
2850 520
2423 1827
1460 2439
200 785
804 1862
2261 1416
919 2126
2278 1815
2339 1802
1097 1906
2708 37
2478 2659
266 2848
296 230
472 1248
1423 1830
312 2632
2786 2649
1513 1360
601 2757
1042 266
1737 2606
1113 2020
25 6
2348 1247
2825 2639
2505 211
2891 824
105 309
2481 89
2966 2006
1302 892
2166 2857
2289 698
568 896
803 2023
1907 907
2178 2948
2621 2687
398 1279
889 1703
2616 2585
1122 1618
2723 1956
2364 1697
2026 2070
746 1130
897 822
2417 29
424 2234
772 1627
874 2211
553 430
1380 2630
1040 826
1672 1439
1316 46
417 996
354 2398
1945 1947
759 416
2335 2769
606 1920
1764 808
22 1435
2028 2732
1073 1765
1842 539
409 1351
195 1679
814 1608
1701 2873
2067 135
2257 1595
342 682
1627 513
1013 1470
1090 309
462 1092
1299 2175
1183 1508
2776 613
2092 1089
2254 132
399 169
1572 27
2762 1687
2007 560
1400 1478
626 258
801 1476
1203 1019
1252 1640
2729 415
791 2018
1641 197
1170 1318
2432 1633
1649 2165
2915 227
1312 1296
2970 1688
2409 945
2123 1442
280 1568
2994 1047
64 966
2966 2403
1279 2794
735 747
1556 510
2180 2640
361 165
673 2819
2827 915
1285 619
1798 1736
1401 2768
1966 1539
2141 2475
2328 616
101 2156
399 1405
296 2615
330 103
2993 2212
522 1211
30 2330
1746 251
366 2904
1767 960
1648 248
1279 2823
2790 1768
2966 1089
2208 989
275 1258
733 1390
1601 1478
461 146
953 747
2793 840
2829 1759
412 809
2775 2535
1723 60
2992 1072
1703 318
1309 998
2140 1659
2996 1215
2313 2389
2716 67
2768 1920
1754 1179
2568 2312
1008 594
2253 1328
1064 2788
58 1888
2022 1346
372 1482
339 2335
927 2425
1670 363
655 374
1325 2817
1293 2264
2905 1566
2801 1383
727 2833
1622 1806
2907 2297
2905 403
1711 544
811 2651
1417 378
838 1223
2547 1833
540 2053
916 913
555 2173
1052 291
2661 257
892 224
1860 2079
1484 2436
139 1470
1974 1420
2119 1195
2519 1965
1908 239
2310 2907
2532 222
1509 1282
2114 727
837 2005
1917 1379
1078 2009
2024 2284
2123 484
2430 1523
2316 2911
515 2406
525 590
117 1300
1412 1912
913 1718
272 1671
82 1293
2644 2542
2381 2938
187 938
1360 2701
2246 2622
2656 2805
745 1775
1370 1976
1355 1808
9 1113
1236 2427
622 2532
2025 1757
518 1574
1427 2997
2245 1653
2709 2537
1864 2433
628 932
720 495
2785 1576
667 1512
2170 372
2556 1730
2063 1962
1074 90
2231 1032
583 2269
1915 1224
1591 210
122 1510
1968 1549
2900 1886
2288 2522
1587 632
978 444
2090 609
2219 410
2313 367
1249 796
825 1896
2594 2592
50 2728
890 1395
2261 2301
2423 1550
2827 920
1743 695
1684 1299
345 2089
2915 2721
1225 369
2806 2655
1852 2493
1140 2309
2291 2819
944 1432
989 1420
1394 1055
2629 2483
1132 2640
2243 1358
2257 1279
534 2344
2817 2842
591 2032
346 2996
2297 1433
785 2428
812 711
1110 593
2984 2795
1485 1140
1359 1995
1985 2738
507 1081
1707 2789
2983 358
1248 2838
2274 1827
1664 753
349 2308
219 492
278 18
2454 2765
2005 803
2355 1416
1844 1903
1415 954
1603 2410
1380 1900
281 2209
2839 799
831 1019
804 729
1118 2126
2421 2882
2041 2802
713 2902
2317 470
2714 2006
2436 2493
407 1293
1681 2852
2239 2324
526 2635
79 1186
1954 1702
1387 2076
1462 895
1721 309
1678 1394
2867 1442
333 445
2058 1324
2297 1449
2592 67
1269 1321
1286 2028
813 2686
692 1239
1324 1596
639 1791
2914 2837
2652 2302
2466 176
907 29
2255 1502
2262 2277
958 2521
1593 2789
1782 1745
668 1320
1308 531
1212 1954
2755 2640
576 2271
593 2928
2734 328
1605 2562
1653 795
2613 1897
1278 2029
1395 892
1308 79
943 218
2106 1051
2632 327
1315 1401
1756 1248
269 1378
288 2743
535 0
2889 2956
2577 2784
840 1008
1083 2453
395 2006
2590 2258
273 2625
878 1188
2622 1956
1321 738
244 1418
1817 2769
2210 2003
2029 2136
246 2535
1862 525
1047 2354
2341 1723
886 556
1346 377
1930 340
2143 2311
514 392
1306 2391
349 667
2066 1846
517 12
1081 422
2354 903
2848 1761
2907 2939
2296 1372
2352 735
468 2878
491 2585
1157 2323
2772 1261
1997 1337
1020 894
1676 198
1353 2612
2185 692
928 1714
2752 1835
2464 1506
826 809
1635 664
2794 2816
872 2920
1700 2628
2499 1725
1808 2695
2935 2751
1724 1883
1714 1767
2831 1108
2534 1794
1242 1327
2199 808
2505 2411
2096 2272
2903 2691
2952 2290
1176 196
234 2312
1799 2337
587 2841
472 1913
1981 212
2248 2698
2744 54
2456 1468
1207 2337
913 540
2616 913
1337 2571
2045 1539
1507 2835
2272 1052
1925 2726
388 1891
827 2002
406 1476
2169 965
1026 82
517 2657
378 1232
1291 628
2393 1093
1002 782
1230 418
1963 2936
788 216
338 2478
1766 2443
150 1320
928 2789
2762 2331
681 1664
294 2742
708 2100
1447 628
1477 1425
882 2206
2344 2506
777 1978
638 1790
876 556
1433 1452
1761 1895
839 1730
2526 2111
1227 130
1138 2022
2174 2666
883 2506
2701 2846
1275 2240
68 1044
1884 479
2320 1132
2466 1851
2962 2426
1976 484
264 1314
274 970
669 774
1401 519
369 623
2022 2074
259 1917
958 1539
1562 2013
1955 1584
2851 2934
1827 235
1253 1696
2961 357
984 1970
82 148
1500 102
2002 1444
1838 1467
1941 1765
2701 2598
2841 504
2891 1295
544 1823
935 1867
2788 1936
2863 2571
331 574
2770 1688
1794 2061
2716 1226
334 2656
1835 780
1205 2904
1022 2637
1723 106
1325 1861
2377 2238
411 1713
728 1304
2616 2398
330 301
2955 358
609 2644
2885 2154
1378 726
472 2189
2881 963
1887 872
2752 2755
527 2351
2738 301
1603 1279
2593 1408
2229 2114
2191 187
2168 2185
2234 1435
1547 164
49 377
1912 1313
1107 2797
746 1967
2439 1915
308 2886
1429 1576
495 1742
2123 433
2132 1536
2468 2976
103 356
1620 2173
84 1120
2430 1877
1028 2585
1630 2937
2351 1537
2970 2205
1573 878
803 1907
2472 1259
2106 811
1641 989
2069 890
747 1092
1656 29
941 444
1648 600
2920 391
780 2575
2240 1408
292 2743
1184 1999
2187 1658
2294 724
529 310
1381 1066
2377 905
18 2121
2698 2083
1566 2375
1800 2912
2433 493
2786 305
2920 1314
470 2461
2381 1438
1969 97
1293 1317
299 1497
864 2606
2198 1225
1761 2662
175 61
1500 270
2110 1482
2247 350
2496 1623
2393 1308
2716 2139
192 1949
994 2972
351 2111
270 1617
2307 1753
284 2901
1671 911
678 401
2070 2389
1105 692
221 2392
1822 737
2755 2724
2324 878
1560 477
1922 628
2147 1045
650 1816
32 6
2249 2213
2102 2581
1371 1795
679 2780
2620 16
288 851
793 2897
208 1794
2245 2254
1582 604
1408 1479
243 1779
2569 1455
2310 2061
92 147
382 24
1406 2287
2426 2607
1989 622
836 1569
2901 2099
2629 610
1565 2801
2914 240
1088 1539
1467 76
2344 1081
244 1635
2772 1791
277 1393
394 2180
1444 641
120 2476
1003 674
2756 2354
1979 2265
812 1398
2183 519
2184 1583
878 696
1571 1661
1344 1408
1176 717
89 585
1240 2994
2804 1213
1466 140
359 2476
2980 2904
2940 1611
510 2076
719 17
2382 1181
219 2759
917 2239
1000 2108
2377 896
1311 530
924 721
310 272
657 1842
1990 1397
94 2297
1521 462
237 279
2562 1468
2477 1743
2941 1261
1206 252
2341 1341
2378 798
2412 665
2014 1056
893 799
1048 833
2381 573
82 556
1832 1053
1404 2055
1216 2154
