99 7
60 94
10 8
46 3
0 7
9 7
32 96
19 79
77 56
10 13
3 12
56 77
89 47
2 78
14 84
76 31
97 33
44 28
61 0
54 49
31 48
19 33
96 72
89 95
94 52
22 26
25 97
54 0
99 20
52 74
61 55
2 22
22 88
48 26
31 87
95 57
33 11
46 68
78 44
66 27
99 68
80 62
96 31
64 22
42 46
46 25
61 1
8 95
57 65
30 12
67 90
6 11
34 56
72 84
81 13
26 6
44 3
46 42
90 32
33 53
22 20
65 75
95 18
91 21
50 64
9 45
34 69
22 43
90 24
36 52
39 63
1 24
98 38
88 53
78 26
14 80
39 27
60 55
18 94
2 0
57 83
62 54
31 55
69 42
81 66
43 21
84 26
43 29
19 96
8 61
14 78
99 27
13 85
79 81
82 97
91 41
2 44
52 10
95 70
41 75
